# El Centro 1940 (Imperial Valley) N-S - registro REAL - dt=0.02s - PGA=0.319g
0.0000 0.00630
0.0200 0.00364
0.0400 0.00099
0.0600 0.00428
0.0800 0.00758
0.1000 0.01087
0.1200 0.00682
0.1400 0.00277
0.1600 -0.00128
0.1800 0.00368
0.2000 0.00864
0.2200 0.01360
0.2400 0.00727
0.2600 0.00094
0.2800 0.00420
0.3000 0.00221
0.3200 0.00021
0.3400 0.00444
0.3600 0.00867
0.3800 0.01290
0.4000 0.01713
0.4200 -0.00343
0.4400 -0.02400
0.4600 -0.00992
0.4800 0.00416
0.5000 0.00528
0.5200 0.01653
0.5400 0.02779
0.5600 0.03904
0.5800 0.02449
0.6000 0.00995
0.6200 0.00961
0.6400 0.00926
0.6600 0.00892
0.6800 -0.00486
0.7000 -0.01864
0.7200 -0.03242
0.7400 -0.03365
0.7600 -0.05723
0.7800 -0.04534
0.8000 -0.03346
0.8200 -0.03201
0.8400 -0.03056
0.8600 -0.02911
0.8800 -0.02766
0.9000 -0.04116
0.9200 -0.05466
0.9400 -0.06816
0.9600 -0.08166
0.9800 -0.06846
1.0000 -0.05527
1.0200 -0.04208
1.0400 -0.04259
1.0600 -0.04311
1.0800 -0.02428
1.1000 -0.00545
1.1200 0.01338
1.1400 0.03221
1.1600 0.05104
1.1800 0.06987
1.2000 0.08870
1.2200 0.04524
1.2400 0.00179
1.2600 -0.04167
1.2800 -0.08513
1.3000 -0.12858
1.3200 -0.17204
1.3400 -0.12908
1.3600 -0.08613
1.3800 -0.08902
1.4000 -0.09192
1.4200 -0.09482
1.4400 -0.09324
1.4600 -0.09166
1.4800 -0.09478
1.5000 -0.09789
1.5200 -0.12902
1.5400 -0.07652
1.5600 -0.02401
1.5800 0.02849
1.6000 0.08099
1.6200 0.13350
1.6400 0.18600
1.6600 0.23850
1.6800 0.21993
1.7000 0.20135
1.7200 0.18277
1.7400 0.16420
1.7600 0.14562
1.7800 0.16143
1.8000 0.17725
1.8200 0.13215
1.8400 0.08705
1.8600 0.04196
1.8800 -0.00314
1.9000 -0.04824
1.9200 -0.09334
1.9400 -0.13843
1.9600 -0.18353
1.9800 -0.22863
2.0000 -0.27372
2.0200 -0.31882
2.0400 -0.25024
2.0600 -0.18166
2.0800 -0.11309
2.1000 -0.04451
2.1200 0.02407
2.1400 0.09265
2.1600 0.16123
2.1800 0.22981
2.2000 0.29839
2.2200 0.23197
2.2400 0.16554
2.2600 0.09912
2.2800 0.03270
2.3000 -0.03372
2.3200 -0.10014
2.3400 -0.16656
2.3600 -0.23299
2.3800 -0.29941
2.4000 -0.00421
2.4200 0.29099
2.4400 0.22380
2.4600 0.15662
2.4800 0.08943
2.5000 0.02224
2.5200 -0.04495
2.5400 0.01834
2.5600 0.08163
2.5800 0.14491
2.6000 0.20820
2.6200 0.18973
2.6400 0.17125
2.6600 0.13759
2.6800 0.10393
2.7000 0.07027
2.7200 0.03661
2.7400 0.00295
2.7600 -0.03071
2.7800 -0.00561
2.8000 0.01948
2.8200 0.04458
2.8400 0.06468
2.8600 0.08478
2.8800 0.10487
2.9000 0.05895
2.9200 0.01303
2.9400 -0.03289
2.9600 -0.07882
2.9800 -0.03556
3.0000 0.00771
3.0200 0.05097
3.0400 0.01013
3.0600 -0.03071
3.0800 -0.07156
3.1000 -0.11240
3.1200 -0.15324
3.1400 -0.11314
3.1600 -0.07304
3.1800 -0.03294
3.2000 0.00715
3.2200 -0.06350
3.2400 -0.13415
3.2600 -0.20480
3.2800 -0.12482
3.3000 -0.04485
3.3200 0.03513
3.3400 0.11510
3.3600 0.19508
3.3800 0.12301
3.4000 0.05094
3.4200 -0.02113
3.4400 -0.09320
3.4600 -0.02663
3.4800 0.03995
3.5000 0.10653
3.5200 0.17311
3.5400 0.11283
3.5600 0.05255
3.5800 -0.00772
3.6000 0.01064
3.6200 0.02900
3.6400 0.04737
3.6600 0.06573
3.6800 0.02021
3.7000 -0.02530
3.7200 -0.07081
3.7400 -0.04107
3.7600 -0.01133
3.7800 0.00288
3.8000 0.01709
3.8200 0.03131
3.8400 -0.02278
3.8600 -0.07686
3.8800 -0.13095
3.9000 -0.18504
3.9200 -0.14347
3.9400 -0.10190
3.9600 -0.06034
3.9800 -0.01877
4.0000 0.02280
4.0200 -0.00996
4.0400 -0.04272
4.0600 -0.02147
4.0800 -0.00021
4.1000 0.02104
4.1200 -0.01459
4.1400 -0.05022
4.1600 -0.08585
4.1800 -0.12148
4.2000 -0.15711
4.2200 -0.19274
4.2400 -0.22837
4.2600 -0.18145
4.2800 -0.13453
4.3000 -0.08761
4.3200 -0.04069
4.3400 0.00623
4.3600 0.05316
4.3800 0.10008
4.4000 0.14700
4.4200 0.09754
4.4400 0.04808
4.4600 -0.00138
4.4800 0.05141
4.5000 0.10420
4.5200 0.15699
4.5400 0.20979
4.5600 0.26258
4.5800 0.16996
4.6000 0.07734
4.6200 -0.01527
4.6400 -0.10789
4.6600 -0.20051
4.6800 -0.06786
4.7000 0.06479
4.7200 0.01671
4.7400 -0.03137
4.7600 -0.07945
4.7800 -0.12753
4.8000 -0.17561
4.8200 -0.22369
4.8400 -0.27177
4.8600 -0.15851
4.8800 -0.04525
4.9000 0.06802
4.9200 0.18128
4.9400 0.14464
4.9600 0.10800
4.9800 0.07137
5.0000 0.03473
5.0200 0.09666
5.0400 0.15860
5.0600 0.22053
5.0800 0.18296
5.1000 0.14538
5.1200 0.10780
5.1400 0.07023
5.1600 0.03265
5.1800 0.06649
5.2000 0.10033
5.2200 0.13417
5.2400 0.10337
5.2600 0.07257
5.2800 0.04177
5.3000 0.01097
5.3200 -0.01983
5.3400 0.04438
5.3600 0.10860
5.3800 0.17281
5.4000 0.10416
5.4200 0.03551
5.4400 -0.03315
5.4600 -0.10180
5.4800 -0.07262
5.5000 -0.04344
5.5200 -0.01426
5.5400 0.01492
5.5600 -0.02025
5.5800 -0.05543
5.6000 -0.09060
5.6200 -0.12578
5.6400 -0.16095
5.6600 -0.19613
5.6800 -0.14784
5.7000 -0.09955
5.7200 -0.05127
5.7400 -0.00298
5.7600 -0.01952
5.7800 -0.03605
5.8000 -0.05259
5.8200 -0.04182
5.8400 -0.03106
5.8600 -0.02903
5.8800 -0.02699
5.9000 0.02515
5.9200 0.01770
5.9400 0.02213
5.9600 0.02656
5.9800 0.00419
6.0000 -0.01819
6.0200 -0.04057
6.0400 -0.06294
6.0600 -0.02417
6.0800 0.01460
6.1000 0.05337
6.1200 0.02428
6.1400 -0.00480
6.1600 -0.03389
6.1800 -0.00557
6.2000 0.02274
6.2200 0.00679
6.2400 -0.00915
6.2600 -0.02509
6.2800 -0.04103
6.3000 -0.05698
6.3200 -0.01826
6.3400 0.02046
6.3600 0.00454
6.3800 -0.01138
6.4000 -0.00215
6.4200 0.00708
6.4400 0.00496
6.4600 0.00285
6.4800 0.00074
6.5000 -0.00534
6.5200 -0.01141
6.5400 0.00361
6.5600 0.01863
6.5800 0.03365
6.6000 0.04867
6.6200 0.03040
6.6400 0.01213
6.6600 -0.00614
6.6800 -0.02441
6.7000 0.01375
6.7200 0.01099
6.7400 0.00823
6.7600 0.00547
6.7800 0.00812
6.8000 0.01077
6.8200 -0.00692
6.8400 -0.02461
6.8600 -0.04230
6.8800 -0.05999
6.9000 -0.07768
6.9200 -0.09538
6.9400 -0.06209
6.9600 -0.02880
6.9800 0.00448
7.0000 0.03777
7.0200 0.01773
7.0400 -0.00231
7.0600 -0.02235
7.0800 0.01791
7.1000 0.05816
7.1200 0.03738
7.1400 0.01660
7.1600 -0.00418
7.1800 -0.02496
7.2000 -0.04574
7.2200 -0.02071
7.2400 0.00432
7.2600 0.02935
7.2800 0.01526
7.3000 0.01806
7.3200 0.02086
7.3400 0.00793
7.3600 -0.00501
7.3800 -0.01795
7.4000 -0.03089
7.4200 -0.01841
7.4400 -0.00593
7.4600 0.00655
7.4800 -0.02519
7.5000 -0.05693
7.5200 -0.04045
7.5400 -0.02398
7.5600 -0.00750
7.5800 0.00897
7.6000 0.00384
7.6200 -0.00129
7.6400 -0.00642
7.6600 -0.01156
7.6800 -0.02619
7.7000 -0.04082
7.7200 -0.05545
7.7400 -0.04366
7.7600 -0.03188
7.7800 -0.06964
7.8000 -0.05634
7.8200 -0.04303
7.8400 -0.02972
7.8600 -0.01642
7.8800 -0.00311
7.9000 0.01020
7.9200 0.02350
7.9400 0.03681
7.9600 0.05011
7.9800 0.02436
8.0000 -0.00139
8.0200 -0.02714
8.0400 -0.00309
8.0600 0.02096
8.0800 0.04501
8.1000 0.06906
8.1200 0.05773
8.1400 0.04640
8.1600 0.03507
8.1800 0.03357
8.2000 0.03207
8.2200 0.03057
8.2400 0.03250
8.2600 0.03444
8.2800 0.03637
8.3000 0.01348
8.3200 -0.00942
8.3400 -0.03231
8.3600 -0.02997
8.3800 -0.03095
8.4000 -0.03192
8.4200 -0.02588
8.4400 -0.01984
8.4600 -0.01379
8.4800 -0.00775
8.5000 -0.01449
8.5200 -0.02123
8.5400 0.01523
8.5600 0.05170
8.5800 0.08816
8.6000 0.12463
8.6200 0.16109
8.6400 0.12987
8.6600 0.09864
8.6800 0.06741
8.7000 0.03618
8.7200 0.00495
8.7400 0.00420
8.7600 0.00345
8.7800 0.00269
8.8000 -0.05922
8.8200 -0.12112
8.8400 -0.18303
8.8600 -0.12043
8.8800 -0.05782
8.9000 0.00479
8.9200 0.06740
8.9400 0.13001
8.9600 0.08373
8.9800 0.03745
9.0000 0.06979
9.0200 0.10213
9.0400 -0.03517
9.0600 -0.17247
9.0800 -0.13763
9.1000 -0.10278
9.1200 -0.06794
9.1400 -0.03310
9.1600 -0.03647
9.1800 -0.03984
9.2000 -0.00517
9.2200 0.02950
9.2400 0.06417
9.2600 0.09883
9.2800 0.13350
9.3000 0.05924
9.3200 -0.01503
9.3400 -0.08929
9.3600 -0.16355
9.3800 -0.06096
9.4000 0.04164
9.4200 0.01551
9.4400 -0.01061
9.4600 -0.03674
9.4800 -0.06287
9.5000 -0.08899
9.5200 -0.05430
9.5400 -0.01961
9.5600 0.01508
9.5800 0.04977
9.6000 0.08446
9.6200 0.05023
9.6400 0.01600
9.6600 -0.01823
9.6800 -0.05246
9.7000 -0.08669
9.7200 -0.06769
9.7400 -0.04870
9.7600 -0.02970
9.7800 -0.01071
9.8000 0.00829
9.8200 -0.00314
9.8400 0.02966
9.8600 0.06246
9.8800 -0.00234
9.9000 -0.06714
9.9200 -0.04051
9.9400 -0.01388
9.9600 0.01274
9.9800 0.00805
10.0000 0.03024
10.0200 0.05243
10.0400 0.02351
10.0600 -0.00541
10.0800 -0.03432
10.1000 -0.06324
10.1200 -0.09215
10.1400 -0.12107
10.1600 -0.08450
10.1800 -0.04794
10.2000 -0.01137
10.2200 0.02520
10.2400 0.06177
10.2600 0.04028
10.2800 0.01880
10.3000 0.04456
10.3200 0.07032
10.3400 0.09608
10.3600 0.12184
10.3800 0.06350
10.4000 0.00517
10.4200 -0.05317
10.4400 -0.03124
10.4600 -0.00930
10.4800 0.01263
10.5000 0.03457
10.5200 0.03283
10.5400 0.03109
10.5600 0.02935
10.5800 0.04511
10.6000 0.06087
10.6200 0.07663
10.6400 0.09239
10.6600 0.05742
10.6800 0.02245
10.7000 -0.01252
10.7200 0.00680
10.7400 0.02611
10.7600 0.04543
10.7800 0.01571
10.8000 -0.01402
10.8200 -0.04374
10.8400 -0.07347
10.8600 -0.03990
10.8800 -0.00633
10.9000 0.02724
10.9200 0.06080
10.9400 0.03669
10.9600 0.01258
10.9800 -0.01153
11.0000 -0.03564
11.0200 -0.00677
11.0400 0.02210
11.0600 0.05098
11.0800 0.07985
11.1000 0.06915
11.1200 0.05845
11.1400 0.04775
11.1600 0.03706
11.1800 0.02636
11.2000 0.05822
11.2200 0.09009
11.2400 0.12196
11.2600 0.10069
11.2800 0.07943
11.3000 0.05816
11.3200 0.03689
11.3400 0.01563
11.3600 -0.00564
11.3800 -0.02690
11.4000 -0.04817
11.4200 -0.06944
11.4400 -0.09070
11.4600 -0.11197
11.4800 -0.11521
11.5000 -0.11846
11.5200 -0.12170
11.5400 -0.12494
11.5600 -0.16500
11.5800 -0.20505
11.6000 -0.15713
11.6200 -0.10921
11.6400 -0.06129
11.6600 -0.01337
11.6800 0.03455
11.7000 0.08247
11.7200 0.07576
11.7400 0.06906
11.7600 0.06236
11.7800 0.08735
11.8000 0.11235
11.8200 0.13734
11.8400 0.12175
11.8600 0.10616
11.8800 0.09057
11.9000 0.07498
11.9200 0.08011
11.9400 0.08524
11.9600 0.09037
11.9800 0.06208
12.0000 0.03378
12.0200 0.00549
12.0400 -0.02281
12.0600 -0.05444
12.0800 -0.04030
12.1000 -0.02615
12.1200 -0.01201
12.1400 -0.02028
12.1600 -0.02855
12.1800 -0.06243
12.2000 -0.03524
12.2200 -0.00805
12.2400 -0.04948
12.2600 -0.03643
12.2800 -0.02337
12.3000 -0.03368
12.3200 -0.01879
12.3400 -0.00389
12.3600 0.01100
12.3800 0.02589
12.4000 0.01446
12.4200 0.00303
12.4400 -0.00840
12.4600 0.00463
12.4800 0.01766
12.5000 0.03069
12.5200 0.04372
12.5400 0.02165
12.5600 -0.00042
12.5800 -0.02249
12.6000 -0.04456
12.6200 -0.03638
12.6400 -0.02819
12.6600 -0.02001
12.6800 -0.01182
12.7000 -0.02445
12.7200 -0.03707
12.7400 -0.04969
12.7600 -0.05882
12.7800 -0.06795
12.8000 -0.07707
12.8200 -0.08620
12.8400 -0.09533
12.8600 -0.06276
12.8800 -0.03018
12.9000 0.00239
12.9200 0.03496
12.9400 0.04399
12.9600 0.05301
12.9800 0.03176
13.0000 0.01051
13.0200 -0.01073
13.0400 -0.03198
13.0600 -0.05323
13.0800 0.00186
13.1000 0.05696
13.1200 0.01985
13.1400 -0.01726
13.1600 -0.05438
13.1800 -0.01204
13.2000 0.03031
13.2200 0.07265
13.2400 0.11499
13.2600 0.07237
13.2800 0.02975
13.3000 -0.01288
13.3200 0.01212
13.3400 0.03711
13.3600 0.03517
13.3800 0.03323
13.4000 0.01853
13.4200 0.00383
13.4400 0.00342
13.4600 -0.02181
13.4800 -0.04704
13.5000 -0.07227
13.5200 -0.09750
13.5400 -0.12273
13.5600 -0.08317
13.5800 -0.04362
13.6000 -0.00407
13.6200 0.03549
13.6400 0.07504
13.6600 0.11460
13.6800 0.07769
13.7000 0.04078
13.7200 0.00387
13.7400 0.00284
13.7600 0.00182
13.7800 -0.05513
13.8000 0.04732
13.8200 0.05223
13.8400 0.05715
13.8600 0.06206
13.8800 0.06698
13.9000 0.07189
13.9200 0.02705
13.9400 -0.01779
13.9600 -0.06263
13.9800 -0.10747
14.0000 -0.15232
14.0200 -0.12591
14.0400 -0.09950
14.0600 -0.07309
14.0800 -0.04668
14.1000 -0.02027
14.1200 0.00614
14.1400 0.03255
14.1600 0.00859
14.1800 -0.01537
14.2000 -0.03932
14.2200 -0.06328
14.2400 -0.03322
14.2600 -0.00315
14.2800 0.02691
14.3000 0.01196
14.3200 -0.00300
14.3400 0.00335
14.3600 0.00970
14.3800 0.01605
14.4000 0.02239
14.4200 0.04215
14.4400 0.06191
14.4600 0.08167
14.4800 0.03477
14.5000 -0.01212
14.5200 -0.01309
14.5400 -0.01407
14.5600 -0.05274
14.5800 -0.02544
14.6000 0.00186
14.6200 0.02916
14.6400 0.05646
14.6600 0.08376
14.6800 0.01754
14.7000 -0.04869
14.7200 -0.02074
14.7400 0.00722
14.7600 0.03517
14.7800 -0.00528
14.8000 -0.04572
14.8200 -0.08617
14.8400 -0.06960
14.8600 -0.05303
14.8800 -0.03646
14.9000 -0.01989
14.9200 -0.00332
14.9400 0.01325
14.9600 0.02982
14.9800 0.01101
15.0000 -0.00781
15.0200 -0.02662
15.0400 -0.00563
15.0600 0.01536
15.0800 0.03635
15.1000 0.05734
15.1200 0.03159
15.1400 0.00584
15.1600 -0.01992
15.1800 -0.00201
15.2000 0.01589
15.2200 -0.01024
15.2400 -0.03636
15.2600 -0.06249
15.2800 -0.04780
15.3000 -0.03311
15.3200 -0.04941
15.3400 -0.06570
15.3600 -0.08200
15.3800 -0.04980
15.4000 -0.01760
15.4200 0.01460
15.4400 0.04680
15.4600 0.07900
15.4800 0.04750
15.5000 0.01600
15.5200 -0.01550
15.5400 -0.00102
15.5600 0.01347
15.5800 0.02795
15.6000 0.04244
15.6200 0.05692
15.6400 0.03781
15.6600 0.01870
15.6800 -0.00041
15.7000 -0.01952
15.7200 -0.00427
15.7400 0.01098
15.7600 0.02623
15.7800 0.04148
15.8000 0.01821
15.8200 -0.00506
15.8400 -0.00874
15.8600 -0.03726
15.8800 -0.06579
15.9000 -0.02600
15.9200 0.01380
15.9400 0.05359
15.9600 0.09338
15.9800 0.05883
16.0000 0.02429
16.0200 -0.01026
16.0400 -0.04480
16.0600 -0.01083
16.0800 -0.01869
16.1000 -0.02655
16.1200 -0.03441
16.1400 -0.02503
16.1600 -0.01564
16.1800 -0.00626
16.2000 -0.01009
16.2200 -0.01392
16.2400 0.01490
16.2600 0.04372
16.2800 0.03463
16.3000 0.02098
16.3200 0.00733
16.3400 -0.00632
16.3600 -0.01997
16.3800 0.00767
16.4000 0.03532
16.4200 0.03409
16.4400 0.03287
16.4600 0.03164
16.4800 0.02403
16.5000 0.01642
16.5200 0.00982
16.5400 0.00322
16.5600 -0.00339
16.5800 0.02202
16.6000 -0.01941
16.6200 -0.06085
16.6400 -0.10228
16.6600 -0.07847
16.6800 -0.05466
16.7000 -0.03084
16.7200 -0.00703
16.7400 0.01678
16.7600 0.01946
16.7800 0.02214
16.8000 0.02483
16.8200 0.01809
16.8400 -0.00202
16.8600 -0.02213
16.8800 -0.00278
16.9000 0.01656
16.9200 0.03590
16.9400 0.05525
16.9600 0.07459
16.9800 0.06203
17.0000 0.04948
17.0200 0.03692
17.0400 -0.00145
17.0600 0.04599
17.0800 0.04079
17.1000 0.03558
17.1200 0.03037
17.1400 0.03626
17.1600 0.04215
17.1800 0.04803
17.2000 0.05392
17.2200 0.04947
17.2400 0.04502
17.2600 0.04056
17.2800 0.03611
17.3000 0.03166
17.3200 0.00614
17.3400 -0.01937
17.3600 -0.04489
17.3800 -0.07040
17.4000 -0.09592
17.4200 -0.07745
17.4400 -0.05899
17.4600 -0.04052
17.4800 -0.02206
17.5000 -0.00359
17.5200 0.01487
17.5400 0.01005
17.5600 0.00523
17.5800 0.00041
17.6000 -0.00441
17.6200 -0.00923
17.6400 -0.01189
17.6600 -0.01523
17.6800 -0.01856
17.7000 -0.02190
17.7200 -0.00983
17.7400 0.00224
17.7600 0.01431
17.7800 0.00335
17.8000 -0.00760
17.8200 -0.01856
17.8400 -0.00737
17.8600 0.00383
17.8800 0.01502
17.9000 0.02622
17.9200 0.01016
17.9400 -0.00590
17.9600 -0.02196
17.9800 -0.00121
18.0000 0.01953
18.0200 0.04027
18.0400 0.02826
18.0600 0.01625
18.0800 0.00424
18.1000 0.00196
18.1200 -0.00031
18.1400 -0.00258
18.1600 -0.00486
18.1800 -0.00713
18.2000 -0.00941
18.2200 -0.01168
18.2400 -0.01396
18.2600 -0.01750
18.2800 -0.02104
18.3000 -0.02458
18.3200 -0.02813
18.3400 -0.03167
18.3600 -0.03521
18.3800 -0.04205
18.4000 -0.04889
18.4200 -0.03559
18.4400 -0.02229
18.4600 -0.00899
18.4800 0.00431
18.5000 0.01762
18.5200 0.00714
18.5400 -0.00334
18.5600 -0.01383
18.5800 0.01314
18.6000 0.04011
18.6200 0.06708
18.6400 0.04820
18.6600 0.02932
18.6800 0.01043
18.7000 -0.00845
18.7200 -0.02733
18.7400 -0.04621
18.7600 -0.03155
18.7800 -0.01688
18.8000 -0.00222
18.8200 0.01244
18.8400 0.02683
18.8600 0.04121
18.8800 0.05559
18.9000 0.03253
18.9200 0.00946
18.9400 -0.01360
18.9600 -0.01432
18.9800 -0.01504
19.0000 -0.01576
19.0200 -0.04209
19.0400 -0.02685
19.0600 -0.01161
19.0800 0.00363
19.1000 0.01887
19.1200 0.03411
19.1400 0.03115
19.1600 0.02819
19.1800 0.02917
19.2000 0.03015
19.2200 0.03113
19.2400 0.00388
19.2600 -0.02337
19.2800 -0.05062
19.3000 -0.03820
19.3200 -0.02579
19.3400 -0.01337
19.3600 -0.00095
19.3800 0.01146
19.4000 0.02388
19.4200 0.03629
19.4400 0.01047
19.4600 -0.01535
19.4800 -0.04117
19.5000 -0.06699
19.5200 -0.05207
19.5400 -0.03715
19.5600 -0.02222
19.5800 -0.00730
19.6000 0.00762
19.6200 0.02254
19.6400 0.03747
19.6600 0.04001
19.6800 0.04256
19.7000 0.04507
19.7200 0.04759
19.7400 0.05010
19.7600 0.04545
19.7800 0.04080
19.8000 0.02876
19.8200 0.01671
19.8400 0.00467
19.8600 -0.00738
19.8800 -0.00116
19.9000 0.00506
19.9200 0.01128
19.9400 0.01750
19.9600 -0.00211
19.9800 -0.02173
20.0000 -0.04135
20.0200 -0.06096
20.0400 -0.08058
20.0600 -0.06995
20.0800 -0.05931
20.1000 -0.04868
20.1200 -0.03805
20.1400 -0.02557
20.1600 -0.01310
20.1800 -0.00063
20.2000 0.01185
20.2200 0.02432
20.2400 0.03680
20.2600 0.04927
20.2800 0.02974
20.3000 0.01021
20.3200 -0.00932
20.3400 -0.02884
20.3600 -0.04837
20.3800 -0.06790
20.4000 -0.04862
20.4200 -0.02934
20.4400 -0.01006
20.4600 0.00922
20.4800 0.02851
20.5000 0.04779
20.5200 0.02456
20.5400 0.00133
20.5600 -0.02190
20.5800 -0.04513
20.6000 -0.06836
20.6200 -0.04978
20.6400 -0.03120
20.6600 -0.01262
20.6800 0.00596
20.7000 0.02453
20.7200 0.04311
20.7400 0.06169
20.7600 0.08027
20.7800 0.09885
20.8000 0.06452
20.8200 0.03019
20.8400 -0.00414
20.8600 -0.03848
20.8800 -0.07281
20.9000 -0.05999
20.9200 -0.04717
20.9400 -0.03435
20.9600 -0.03231
20.9800 -0.03028
21.0000 -0.02824
21.0200 -0.00396
21.0400 0.02032
21.0600 0.00313
21.0800 -0.01406
21.1000 -0.03124
21.1200 -0.04843
21.1400 -0.06562
21.1600 -0.05132
21.1800 -0.03702
21.2000 -0.02272
21.2200 -0.00843
21.2400 0.00587
21.2600 0.02017
21.2800 0.02698
21.3000 0.03379
21.3200 0.04061
21.3400 0.04742
21.3600 0.05423
21.3800 0.03535
21.4000 0.01647
21.4200 0.01622
21.4400 0.01598
21.4600 0.01574
21.4800 0.00747
21.5000 -0.00080
21.5200 -0.00907
21.5400 0.00072
21.5600 0.01051
21.5800 0.02030
21.6000 0.03009
21.6200 0.03989
21.6400 0.03478
21.6600 0.02967
21.6800 0.02457
21.7000 0.03075
21.7200 0.03694
21.7400 0.04313
21.7600 0.04931
21.7800 0.05550
21.8000 0.06168
21.8200 -0.00526
21.8400 -0.07220
21.8600 -0.06336
21.8800 -0.05451
21.9000 -0.04566
21.9200 -0.03681
21.9400 -0.03678
21.9600 -0.03675
21.9800 -0.03672
22.0000 -0.01765
22.0200 0.00143
22.0400 0.02051
22.0600 0.03958
22.0800 0.05866
22.1000 0.03556
22.1200 0.01245
22.1400 -0.01066
22.1600 -0.03376
22.1800 -0.05687
22.2000 -0.04502
22.2200 -0.03317
22.2400 -0.02131
22.2600 -0.00946
22.2800 0.00239
22.3000 -0.00208
22.3200 -0.00654
22.3400 -0.01101
22.3600 -0.01548
22.3800 -0.01200
22.4000 -0.00851
22.4200 -0.00503
22.4400 -0.00154
22.4600 0.00195
22.4800 0.00051
22.5000 -0.00092
22.5200 0.01135
22.5400 0.02363
22.5600 0.03590
22.5800 0.04818
22.6000 0.06045
22.6200 0.07273
22.6400 0.02847
22.6600 -0.01579
22.6800 -0.06004
22.7000 -0.05069
22.7200 -0.04134
22.7400 -0.03199
22.7600 -0.03135
22.7800 -0.03071
22.8000 -0.03007
22.8200 -0.01863
22.8400 -0.00719
22.8600 0.00425
22.8800 0.01570
22.9000 0.02714
22.9200 0.03858
22.9400 0.02975
22.9600 0.02092
22.9800 0.02334
23.0000 0.02576
23.0200 0.02819
23.0400 0.03061
23.0600 0.03304
23.0800 0.01371
23.1000 -0.00561
23.1200 -0.02494
23.1400 -0.02208
23.1600 -0.01923
23.1800 -0.01638
23.2000 -0.01353
23.2200 -0.01261
23.2400 -0.01170
23.2600 -0.00169
23.2800 0.00833
23.3000 0.01834
23.3200 0.02835
23.3400 0.03836
23.3600 0.04838
23.3800 0.03749
23.4000 0.02660
23.4200 0.01571
23.4400 0.00482
23.4600 -0.00607
23.4800 -0.01696
23.5000 -0.00780
23.5200 0.00136
23.5400 0.01052
23.5600 0.01968
23.5800 0.02884
23.6000 -0.00504
23.6200 -0.03893
23.6400 -0.02342
23.6600 -0.00791
23.6800 0.00759
23.7000 0.02310
23.7200 0.00707
23.7400 -0.00895
23.7600 -0.02498
23.7800 -0.04100
23.8000 -0.05703
23.8200 -0.02920
23.8400 -0.00137
23.8600 0.02645
23.8800 0.05428
23.9000 0.03587
23.9200 0.01746
23.9400 -0.00096
23.9600 -0.01937
23.9800 -0.03778
24.0000 -0.02281
24.0200 -0.00784
24.0400 0.00713
24.0600 0.02210
24.0800 0.03707
24.1000 0.05204
24.1200 0.06701
24.1400 0.08198
24.1600 0.03085
24.1800 -0.02027
24.2000 -0.07140
24.2200 -0.12253
24.2400 -0.08644
24.2600 -0.05035
24.2800 -0.01426
24.3000 0.02183
24.3200 0.05792
24.3400 0.09400
24.3600 0.13009
24.3800 0.03611
24.4000 -0.05787
24.4200 -0.04802
24.4400 -0.03817
24.4600 -0.02832
24.4800 -0.01846
24.5000 -0.00861
24.5200 -0.03652
24.5400 -0.06444
24.5600 -0.06169
24.5800 -0.05894
24.6000 -0.05618
24.6200 -0.06073
24.6400 -0.06528
24.6600 -0.04628
24.6800 -0.02728
24.7000 -0.00829
24.7200 0.01071
24.7400 0.02970
24.7600 0.03138
24.7800 0.03306
24.8000 0.03474
24.8200 0.03642
24.8400 0.04574
24.8600 0.05506
24.8800 0.06439
24.9000 0.07371
24.9200 0.08303
24.9400 0.03605
24.9600 -0.01092
24.9800 -0.05790
25.0000 -0.04696
25.0200 -0.03602
25.0400 -0.02508
25.0600 -0.01414
25.0800 -0.03561
25.1000 -0.05708
25.1200 -0.07855
25.1400 -0.06304
25.1600 -0.04753
25.1800 -0.03203
25.2000 -0.01652
25.2200 -0.00102
25.2400 0.00922
25.2600 0.01946
25.2800 0.02970
25.3000 0.03993
25.3200 0.05017
25.3400 0.06041
25.3600 0.07065
25.3800 0.08089
25.4000 -0.00192
25.4200 -0.08473
25.4400 -0.07032
25.4600 -0.05590
25.4800 -0.04148
25.5000 -0.05296
25.5200 -0.06443
25.5400 -0.07590
25.5600 -0.08738
25.5800 -0.09885
25.6000 -0.06798
25.6200 -0.03710
25.6400 -0.00623
25.6600 0.02465
25.6800 0.05553
25.7000 0.08640
25.7200 0.11728
25.7400 0.14815
25.7600 0.08715
25.7800 0.02615
25.8000 -0.03485
25.8200 -0.09584
25.8400 -0.07100
25.8600 -0.04616
25.8800 -0.02132
25.9000 0.00353
25.9200 0.02837
25.9400 0.05321
25.9600 -0.00469
25.9800 -0.06258
26.0000 -0.12048
26.0200 -0.09960
26.0400 -0.07872
26.0600 -0.05784
26.0800 -0.03696
26.1000 -0.01608
26.1200 0.00480
26.1400 0.02568
26.1600 0.04656
26.1800 0.06744
26.2000 0.08832
26.2200 0.10920
26.2400 0.13008
26.2600 0.10995
26.2800 0.08982
26.3000 0.06969
26.3200 0.04955
26.3400 0.04006
26.3600 0.03056
26.3800 0.02107
26.4000 0.01158
26.4200 0.00780
26.4400 0.00402
26.4600 0.00024
26.4800 -0.00354
26.5000 -0.00732
26.5200 -0.01110
26.5400 -0.00780
26.5600 -0.00450
26.5800 -0.00120
26.6000 0.00210
26.6200 0.00540
26.6400 -0.00831
26.6600 -0.02203
26.6800 -0.03575
26.7000 -0.04947
26.7200 -0.06319
26.7400 -0.05046
26.7600 -0.03773
26.7800 -0.02500
26.8000 -0.01227
26.8200 0.00046
26.8400 0.00482
26.8600 0.00919
26.8800 0.01355
26.9000 0.01791
26.9200 0.02228
26.9400 0.00883
26.9600 -0.00462
26.9800 -0.01807
27.0000 -0.03152
27.0200 -0.02276
27.0400 -0.01401
27.0600 -0.00526
27.0800 0.00350
27.1000 0.01225
27.1200 0.02101
27.1400 0.01437
27.1600 0.00773
27.1800 0.00110
27.2000 0.00823
27.2200 0.01537
27.2400 0.02251
27.2600 0.01713
27.2800 0.01175
27.3000 0.00637
27.3200 0.01376
27.3400 0.02114
27.3600 0.02852
27.3800 0.03591
27.4000 0.04329
27.4200 0.03458
27.4400 0.02587
27.4600 0.01715
27.4800 0.00844
27.5000 -0.00027
27.5200 -0.00898
27.5400 -0.00126
27.5600 0.00645
27.5800 0.01417
27.6000 0.02039
27.6200 0.02661
27.6400 0.03283
27.6600 0.03905
27.6800 0.04527
27.7000 0.03639
27.7200 0.02750
27.7400 0.01862
27.7600 0.00974
27.7800 0.00086
27.8000 -0.01333
27.8200 -0.02752
27.8400 -0.04171
27.8600 -0.02812
27.8800 -0.01453
27.9000 -0.00094
27.9200 0.01264
27.9400 0.02623
27.9600 0.01690
27.9800 0.00756
28.0000 -0.00177
28.0200 -0.01111
28.0400 -0.02044
28.0600 -0.02977
28.0800 -0.03911
28.1000 -0.02442
28.1200 -0.00973
28.1400 0.00496
28.1600 0.01965
28.1800 0.03434
28.2000 0.02054
28.2200 0.00674
28.2400 -0.00706
28.2600 -0.02086
28.2800 -0.03466
28.3000 -0.02663
28.3200 -0.01860
28.3400 -0.01057
28.3600 -0.00254
28.3800 -0.00063
28.4000 0.00128
28.4200 0.00319
28.4400 0.00510
28.4600 0.00999
28.4800 0.01488
28.5000 0.00791
28.5200 0.00093
28.5400 -0.00605
28.5600 0.00342
28.5800 0.01288
28.6000 0.02235
28.6200 0.03181
28.6400 0.04128
28.6600 0.02707
28.6800 0.01287
28.7000 -0.00134
28.7200 -0.01554
28.7400 -0.02975
28.7600 -0.04395
28.7800 -0.03612
28.8000 -0.02828
28.8200 -0.02044
28.8400 -0.01260
28.8600 -0.00476
28.8800 0.00307
28.9000 0.01091
28.9200 0.00984
28.9400 0.00876
28.9600 0.00768
28.9800 0.00661
29.0000 0.01234
29.0200 0.01807
29.0400 0.02380
29.0600 0.02953
29.0800 0.03526
29.1000 0.02784
29.1200 0.02042
29.1400 0.01300
29.1600 -0.03415
29.1800 -0.00628
29.2000 -0.00621
29.2200 -0.00615
29.2400 -0.00609
29.2600 -0.00602
29.2800 -0.00596
29.3000 -0.00590
29.3200 -0.00583
29.3400 -0.00577
29.3600 -0.00571
29.3800 -0.00564
29.4000 -0.00558
29.4200 -0.00552
29.4400 -0.00545
29.4600 -0.00539
29.4800 -0.00532
29.5000 -0.00526
29.5200 -0.00520
29.5400 -0.00513
29.5600 -0.00507
29.5800 -0.00501
29.6000 -0.00494
29.6200 -0.00488
29.6400 -0.00482
29.6600 -0.00475
29.6800 -0.00469
29.7000 -0.00463
29.7200 -0.00456
29.7400 -0.00450
29.7600 -0.00444
29.7800 -0.00437
29.8000 -0.00431
29.8200 -0.00425
29.8400 -0.00418
29.8600 -0.00412
29.8800 -0.00406
29.9000 -0.00399
29.9200 -0.00393
29.9400 -0.00387
29.9600 -0.00380
29.9800 -0.00374
30.0000 -0.00368
30.0200 -0.00361
30.0400 -0.00355
30.0600 -0.00349
30.0800 -0.00342
30.1000 -0.00336
30.1200 -0.00330
30.1400 -0.00323
30.1600 -0.00317
30.1800 -0.00311
30.2000 -0.00304
30.2200 -0.00298
30.2400 -0.00292
30.2600 -0.00285
30.2800 -0.00279
30.3000 -0.00273
30.3200 -0.00266
30.3400 -0.00260
30.3600 -0.00254
30.3800 -0.00247
30.4000 -0.00241
30.4200 -0.00235
30.4400 -0.00228
30.4600 -0.00222
30.4800 -0.00216
30.5000 -0.00209
30.5200 -0.00203
30.5400 -0.00197
30.5600 -0.00190
30.5800 -0.00184
30.6000 -0.00178
30.6200 -0.00171
30.6400 -0.00165
30.6600 -0.00158
30.6800 -0.00152
30.7000 -0.00146
30.7200 -0.00139
30.7400 -0.00133
30.7600 -0.00127
30.7800 -0.00120
30.8000 -0.00114
30.8200 -0.00108
30.8400 -0.00101
30.8600 -0.00095
30.8800 -0.00089
30.9000 -0.00082
30.9200 -0.00076
30.9400 -0.00070
30.9600 -0.00063
30.9800 -0.00057
31.0000 -0.00051
31.0200 -0.00044
31.0400 -0.00038
31.0600 -0.00032
31.0800 -0.00025
31.1000 -0.00019
31.1200 -0.00013
31.1400 -0.00006
31.1600 0.00000
