# Northridge 1994 (17-ene-1994) - PEER Strong Motion - PGA 0.568g - dt 0.01s - unidades g
0.0000 -0.00120
0.0100 -0.00070
0.0200 -0.00030
0.0300 -0.00040
0.0400 -0.00050
0.0500 0.00000
0.0600 0.00060
0.0700 0.00320
0.0800 0.00570
0.0900 0.00590
0.1000 0.00610
0.1100 0.00530
0.1200 0.00450
0.1300 0.00520
0.1400 0.00580
0.1500 0.00560
0.1600 0.00540
0.1700 0.00370
0.1800 0.00210
0.1900 0.00250
0.2000 0.00300
0.2100 0.00380
0.2200 0.00460
0.2300 0.00430
0.2400 0.00400
0.2500 0.00270
0.2600 0.00140
0.2700 -0.00120
0.2800 -0.00370
0.2900 -0.00560
0.3000 -0.00750
0.3100 -0.00820
0.3200 -0.00890
0.3300 -0.00840
0.3400 -0.00790
0.3500 -0.00530
0.3600 -0.00260
0.3700 0.00020
0.3800 0.00300
0.3900 0.00400
0.4000 0.00510
0.4100 0.00370
0.4200 0.00230
0.4300 0.00060
0.4400 -0.00110
0.4500 -0.00100
0.4600 -0.00090
0.4700 -0.00110
0.4800 -0.00120
0.4900 0.00210
0.5000 0.00550
0.5100 0.00990
0.5200 0.01440
0.5300 0.01380
0.5400 0.01320
0.5500 0.01210
0.5600 0.01090
0.5700 0.01060
0.5800 0.01020
0.5900 0.00770
0.6000 0.00520
0.6100 -0.00060
0.6200 -0.00650
0.6300 -0.01080
0.6400 -0.01520
0.6500 -0.01720
0.6600 -0.01920
0.6700 -0.02030
0.6800 -0.02150
0.6900 -0.01870
0.7000 -0.01590
0.7100 -0.01170
0.7200 -0.00740
0.7300 -0.00400
0.7400 -0.00060
0.7500 0.00280
0.7600 0.00630
0.7700 0.00700
0.7800 0.00780
0.7900 0.00740
0.8000 0.00710
0.8100 0.00580
0.8200 0.00450
0.8300 0.00290
0.8400 0.00130
0.8500 -0.00090
0.8600 -0.00300
0.8700 -0.00620
0.8800 -0.00940
0.8900 -0.00800
0.9000 -0.00650
0.9100 0.00090
0.9200 0.00840
0.9300 0.01540
0.9400 0.02230
0.9500 0.02040
0.9600 0.01850
0.9700 0.01680
0.9800 0.01510
0.9900 0.01300
1.0000 0.01100
1.0100 0.00470
1.0200 -0.00170
1.0300 -0.00780
1.0400 -0.01400
1.0500 -0.01720
1.0600 -0.02040
1.0700 -0.02210
1.0800 -0.02390
1.0900 -0.02760
1.1000 -0.03130
1.1100 -0.03080
1.1200 -0.03040
1.1300 -0.02560
1.1400 -0.02090
1.1500 -0.01140
1.1600 -0.00190
1.1700 0.00990
1.1800 0.02160
1.1900 0.02460
1.2000 0.02770
1.2100 0.02360
1.2200 0.01950
1.2300 0.01150
1.2400 0.00360
1.2500 0.00120
1.2600 -0.00120
1.2700 0.00270
1.2800 0.00670
1.2900 0.01210
1.3000 0.01750
1.3100 0.02230
1.3200 0.02710
1.3300 0.02780
1.3400 0.02850
1.3500 0.02270
1.3600 0.01700
1.3700 0.00740
1.3800 -0.00210
1.3900 -0.00280
1.4000 -0.00340
1.4100 0.00550
1.4200 0.01440
1.4300 0.01690
1.4400 0.01950
1.4500 0.01400
1.4600 0.00860
1.4700 0.00050
1.4800 -0.00750
1.4900 -0.02310
1.5000 -0.03880
1.5100 -0.04840
1.5200 -0.05800
1.5300 -0.05760
1.5400 -0.05720
1.5500 -0.04390
1.5600 -0.03070
1.5700 -0.01670
1.5800 -0.00280
1.5900 0.01230
1.6000 0.02740
1.6100 0.04110
1.6200 0.05470
1.6300 0.05800
1.6400 0.06120
1.6500 0.04970
1.6600 0.03820
1.6700 0.02020
1.6800 0.00210
1.6900 -0.00400
1.7000 -0.01020
1.7100 -0.01350
1.7200 -0.01690
1.7300 -0.01710
1.7400 -0.01730
1.7500 -0.01840
1.7600 -0.01950
1.7700 -0.01080
1.7800 -0.00210
1.7900 0.01570
1.8000 0.03360
1.8100 0.03580
1.8200 0.03790
1.8300 0.02670
1.8400 0.01550
1.8500 -0.00310
1.8600 -0.02170
1.8700 -0.03490
1.8800 -0.04820
1.8900 -0.04900
1.9000 -0.04970
1.9100 -0.04620
1.9200 -0.04270
1.9300 -0.03170
1.9400 -0.02070
1.9500 -0.00130
1.9600 0.01820
1.9700 0.03710
1.9800 0.05610
1.9900 0.06040
2.0000 0.06470
2.0100 0.05410
2.0200 0.04350
2.0300 0.03190
2.0400 0.02040
2.0500 0.00640
2.0600 -0.00750
2.0700 -0.02620
2.0800 -0.04490
2.0900 -0.04880
2.1000 -0.05280
2.1100 -0.04090
2.1200 -0.02900
2.1300 -0.01420
2.1400 0.00050
2.1500 0.01330
2.1600 0.02620
2.1700 0.03620
2.1800 0.04620
2.1900 0.04130
2.2000 0.03650
2.2100 0.01570
2.2200 -0.00500
2.2300 -0.01350
2.2400 -0.02200
2.2500 -0.01720
2.2600 -0.01240
2.2700 -0.00650
2.2800 -0.00060
2.2900 -0.00320
2.3000 -0.00580
2.3100 -0.00890
2.3200 -0.01210
2.3300 -0.01130
2.3400 -0.01050
2.3500 -0.00480
2.3600 0.00080
2.3700 0.00070
2.3800 0.00060
2.3900 -0.01490
2.4000 -0.03040
2.4100 -0.02810
2.4200 -0.02580
2.4300 -0.01210
2.4400 0.00160
2.4500 -0.00500
2.4600 -0.01150
2.4700 -0.02870
2.4800 -0.04600
2.4900 -0.04220
2.5000 -0.03840
2.5100 -0.02560
2.5200 -0.01280
2.5300 0.00610
2.5400 0.02500
2.5500 0.04740
2.5600 0.06990
2.5700 0.07720
2.5800 0.08460
2.5900 0.06590
2.6000 0.04730
2.6100 0.03530
2.6200 0.02320
2.6300 0.02090
2.6400 0.01850
2.6500 0.00350
2.6600 -0.01150
2.6700 -0.02250
2.6800 -0.03360
2.6900 -0.03780
2.7000 -0.04200
2.7100 -0.04450
2.7200 -0.04710
2.7300 -0.03960
2.7400 -0.03210
2.7500 -0.00290
2.7600 0.02630
2.7700 0.05040
2.7800 0.07450
2.7900 0.06560
2.8000 0.05680
2.8100 0.02870
2.8200 0.00060
2.8300 -0.02540
2.8400 -0.05140
2.8500 -0.06770
2.8600 -0.08400
2.8700 -0.09390
2.8800 -0.10390
2.8900 -0.09440
2.9000 -0.08480
2.9100 -0.06330
2.9200 -0.04170
2.9300 -0.02360
2.9400 -0.00540
2.9500 0.01020
2.9600 0.02590
2.9700 0.03980
2.9800 0.05370
2.9900 0.06190
3.0000 0.07010
3.0100 0.05950
3.0200 0.04880
3.0300 0.02980
3.0400 0.01090
3.0500 -0.00320
3.0600 -0.01730
3.0700 -0.01520
3.0800 -0.01310
3.0900 0.00610
3.1000 0.02520
3.1100 0.03860
3.1200 0.05200
3.1300 0.05430
3.1400 0.05650
3.1500 0.05310
3.1600 0.04960
3.1700 0.04370
3.1800 0.03780
3.1900 0.02380
3.2000 0.00980
3.2100 -0.01560
3.2200 -0.04090
3.2300 -0.06170
3.2400 -0.08240
3.2500 -0.08010
3.2600 -0.07770
3.2700 -0.05780
3.2800 -0.03780
3.2900 -0.01960
3.3000 -0.00130
3.3100 0.02230
3.3200 0.04590
3.3300 0.05990
3.3400 0.07380
3.3500 0.06420
3.3600 0.05450
3.3700 0.04780
3.3800 0.04120
3.3900 0.04780
3.4000 0.05430
3.4100 0.05730
3.4200 0.06020
3.4300 0.05760
3.4400 0.05490
3.4500 0.05110
3.4600 0.04730
3.4700 0.03820
3.4800 0.02900
3.4900 0.01190
3.5000 -0.00520
3.5100 -0.02140
3.5200 -0.03750
3.5300 -0.05560
3.5400 -0.07380
3.5500 -0.08440
3.5600 -0.09500
3.5700 -0.09460
3.5800 -0.09420
3.5900 -0.09120
3.6000 -0.08810
3.6100 -0.08040
3.6200 -0.07270
3.6300 -0.05960
3.6400 -0.04650
3.6500 -0.03610
3.6600 -0.02560
3.6700 -0.02260
3.6800 -0.01950
3.6900 -0.01770
3.7000 -0.01600
3.7100 0.00450
3.7200 0.02490
3.7300 0.04850
3.7400 0.07220
3.7500 0.07340
3.7600 0.07460
3.7700 0.05790
3.7800 0.04120
3.7900 0.01970
3.8000 -0.00180
3.8100 -0.00890
3.8200 -0.01590
3.8300 -0.01060
3.8400 -0.00530
3.8500 -0.00100
3.8600 0.00330
3.8700 -0.00190
3.8800 -0.00710
3.8900 -0.01510
3.9000 -0.02310
3.9100 -0.01850
3.9200 -0.01400
3.9300 0.00360
3.9400 0.02110
3.9500 0.02900
3.9600 0.03680
3.9700 0.04680
3.9800 0.05680
3.9900 0.06510
4.0000 0.07330
4.0100 0.05480
4.0200 0.03630
4.0300 0.01860
4.0400 0.00100
4.0500 0.00110
4.0600 0.00120
4.0700 0.00560
4.0800 0.00990
4.0900 0.01550
4.1000 0.02110
4.1100 0.02550
4.1200 0.02990
4.1300 0.01740
4.1400 0.00500
4.1500 -0.02340
4.1600 -0.05170
4.1700 -0.07260
4.1800 -0.09350
4.1900 -0.10030
4.2000 -0.10700
4.2100 -0.10280
4.2200 -0.09850
4.2300 -0.08470
4.2400 -0.07100
4.2500 -0.04970
4.2600 -0.02840
4.2700 -0.01120
4.2800 0.00610
4.2900 0.00860
4.3000 0.01110
4.3100 0.01370
4.3200 0.01630
4.3300 0.02260
4.3400 0.02900
4.3500 0.02670
4.3600 0.02430
4.3700 0.01890
4.3800 0.01350
4.3900 0.01260
4.4000 0.01160
4.4100 0.00850
4.4200 0.00540
4.4300 -0.00420
4.4400 -0.01390
4.4500 -0.02380
4.4600 -0.03360
4.4700 -0.03960
4.4800 -0.04550
4.4900 -0.04890
4.5000 -0.05220
4.5100 -0.05540
4.5200 -0.05850
4.5300 -0.04610
4.5400 -0.03360
4.5500 -0.00110
4.5600 0.03140
4.5700 0.06080
4.5800 0.09020
4.5900 0.09850
4.6000 0.10690
4.6100 0.10750
4.6200 0.10800
4.6300 0.10770
4.6400 0.10740
4.6500 0.08860
4.6600 0.06990
4.6700 0.03800
4.6800 0.00620
4.6900 -0.01440
4.7000 -0.03510
4.7100 -0.03980
4.7200 -0.04460
4.7300 -0.04660
4.7400 -0.04860
4.7500 -0.04060
4.7600 -0.03270
4.7700 -0.02320
4.7800 -0.01370
4.7900 -0.01300
4.8000 -0.01240
4.8100 -0.01650
4.8200 -0.02070
4.8300 -0.02280
4.8400 -0.02500
4.8500 -0.01340
4.8600 -0.00180
4.8700 0.01090
4.8800 0.02370
4.8900 0.02520
4.9000 0.02660
4.9100 0.02390
4.9200 0.02110
4.9300 0.01790
4.9400 0.01470
4.9500 0.01110
4.9600 0.00750
4.9700 0.00250
4.9800 -0.00240
4.9900 -0.00250
5.0000 -0.00260
5.0100 -0.00370
5.0200 -0.00490
5.0300 -0.02090
5.0400 -0.03700
5.0500 -0.04450
5.0600 -0.05200
5.0700 -0.04570
5.0800 -0.03950
5.0900 -0.03470
5.1000 -0.02990
5.1100 -0.03020
5.1200 -0.03050
5.1300 -0.02820
5.1400 -0.02600
5.1500 -0.01220
5.1600 0.00160
5.1700 0.01620
5.1800 0.03090
5.1900 0.04030
5.2000 0.04980
5.2100 0.06380
5.2200 0.07780
5.2300 0.10110
5.2400 0.12440
5.2500 0.13530
5.2600 0.14630
5.2700 0.12540
5.2800 0.10440
5.2900 0.06950
5.3000 0.03450
5.3100 0.00510
5.3200 -0.02430
5.3300 -0.04770
5.3400 -0.07120
5.3500 -0.08910
5.3600 -0.10710
5.3700 -0.11370
5.3800 -0.12030
5.3900 -0.11860
5.4000 -0.11700
5.4100 -0.10590
5.4200 -0.09470
5.4300 -0.08220
5.4400 -0.06970
5.4500 -0.06380
5.4600 -0.05800
5.4700 -0.05360
5.4800 -0.04930
5.4900 -0.04900
5.5000 -0.04870
5.5100 -0.06130
5.5200 -0.07380
5.5300 -0.08570
5.5400 -0.09750
5.5500 -0.09740
5.5600 -0.09720
5.5700 -0.07920
5.5800 -0.06120
5.5900 -0.03750
5.6000 -0.01370
5.6100 0.01180
5.6200 0.03720
5.6300 0.06410
5.6400 0.09090
5.6500 0.10210
5.6600 0.11330
5.6700 0.10810
5.6800 0.10280
5.6900 0.08490
5.7000 0.06700
5.7100 0.05710
5.7200 0.04720
5.7300 0.04350
5.7400 0.03990
5.7500 0.03770
5.7600 0.03560
5.7700 0.02900
5.7800 0.02240
5.7900 0.01570
5.8000 0.00910
5.8100 0.00930
5.8200 0.00950
5.8300 0.01430
5.8400 0.01910
5.8500 0.02620
5.8600 0.03330
5.8700 0.03220
5.8800 0.03110
5.8900 0.01470
5.9000 -0.00180
5.9100 -0.03080
5.9200 -0.05980
5.9300 -0.08720
5.9400 -0.11460
5.9500 -0.13840
5.9600 -0.16220
5.9700 -0.17120
5.9800 -0.18010
5.9900 -0.17980
6.0000 -0.17960
6.0100 -0.17360
6.0200 -0.16760
6.0300 -0.14980
6.0400 -0.13190
6.0500 -0.10600
6.0600 -0.08020
6.0700 -0.04210
6.0800 -0.00410
6.0900 0.02720
6.1000 0.05850
6.1100 0.05300
6.1200 0.04740
6.1300 0.01870
6.1400 -0.01000
6.1500 -0.02360
6.1600 -0.03710
6.1700 -0.03880
6.1800 -0.04040
6.1900 -0.03920
6.2000 -0.03800
6.2100 -0.03520
6.2200 -0.03230
6.2300 -0.02870
6.2400 -0.02510
6.2500 -0.02080
6.2600 -0.01650
6.2700 -0.01630
6.2800 -0.01610
6.2900 -0.01360
6.3000 -0.01120
6.3100 -0.00850
6.3200 -0.00590
6.3300 -0.00420
6.3400 -0.00250
6.3500 -0.00760
6.3600 -0.01260
6.3700 -0.03740
6.3800 -0.06220
6.3900 -0.07660
6.4000 -0.09110
6.4100 -0.08660
6.4200 -0.08200
6.4300 -0.04170
6.4400 -0.00140
6.4500 0.05750
6.4600 0.11640
6.4700 0.17580
6.4800 0.23530
6.4900 0.29050
6.5000 0.34560
6.5100 0.36950
6.5200 0.39330
6.5300 0.40270
6.5400 0.41210
6.5500 0.38280
6.5600 0.35350
6.5700 0.28230
6.5800 0.21120
6.5900 0.13890
6.6000 0.06660
6.6100 0.01170
6.6200 -0.04330
6.6300 -0.08910
6.6400 -0.13490
6.6500 -0.16790
6.6600 -0.20100
6.6700 -0.23450
6.6800 -0.26810
6.6900 -0.28880
6.7000 -0.30960
6.7100 -0.30870
6.7200 -0.30790
6.7300 -0.25990
6.7400 -0.21190
6.7500 -0.15340
6.7600 -0.09480
6.7700 0.01240
6.7800 0.11960
6.7900 0.26350
6.8000 0.40740
6.8100 0.39740
6.8200 0.38740
6.8300 0.29390
6.8400 0.20050
6.8500 0.11580
6.8600 0.03100
6.8700 -0.01230
6.8800 -0.05570
6.8900 -0.06550
6.9000 -0.07530
6.9100 -0.05950
6.9200 -0.04360
6.9300 -0.00300
6.9400 0.03770
6.9500 0.07510
6.9600 0.11250
6.9700 0.12290
6.9800 0.13340
6.9900 0.13370
7.0000 0.13410
7.0100 0.11570
7.0200 0.09730
7.0300 0.05720
7.0400 0.01720
7.0500 -0.02490
7.0600 -0.06690
7.0700 -0.07900
7.0800 -0.09120
7.0900 -0.07730
7.1000 -0.06350
7.1100 -0.04850
7.1200 -0.03350
7.1300 -0.01390
7.1400 0.00570
7.1500 0.03560
7.1600 0.06550
7.1700 0.06850
7.1800 0.07150
7.1900 0.03560
7.2000 -0.00020
7.2100 -0.03500
7.2200 -0.06980
7.2300 -0.10520
7.2400 -0.14070
7.2500 -0.14570
7.2600 -0.15060
7.2700 -0.12870
7.2800 -0.10680
7.2900 -0.06550
7.3000 -0.02420
7.3100 0.05540
7.3200 0.13490
7.3300 0.22460
7.3400 0.31430
7.3500 0.37040
7.3600 0.42660
7.3700 0.44150
7.3800 0.45650
7.3900 0.39080
7.4000 0.32510
7.4100 0.26220
7.4200 0.19940
7.4300 0.17510
7.4400 0.15080
7.4500 0.12250
7.4600 0.09420
7.4700 0.06570
7.4800 0.03730
7.4900 0.01070
7.5000 -0.01590
7.5100 -0.03400
7.5200 -0.05200
7.5300 -0.06260
7.5400 -0.07310
7.5500 -0.08000
7.5600 -0.08690
7.5700 -0.09150
7.5800 -0.09610
7.5900 -0.10610
7.6000 -0.11610
7.6100 -0.13160
7.6200 -0.14710
7.6300 -0.17000
7.6400 -0.19290
7.6500 -0.21830
7.6600 -0.24370
7.6700 -0.26590
7.6800 -0.28800
7.6900 -0.31280
7.7000 -0.33760
7.7100 -0.34410
7.7200 -0.35070
7.7300 -0.35240
7.7400 -0.35400
7.7500 -0.32630
7.7600 -0.29860
7.7700 -0.25850
7.7800 -0.21840
7.7900 -0.17690
7.8000 -0.13540
7.8100 -0.08270
7.8200 -0.03010
7.8300 0.06620
7.8400 0.16250
7.8500 0.16450
7.8600 0.16650
7.8700 0.08210
7.8800 -0.00230
7.8900 -0.05700
7.9000 -0.11160
7.9100 -0.16080
7.9200 -0.21000
7.9300 -0.24890
7.9400 -0.28770
7.9500 -0.31090
7.9600 -0.33420
7.9700 -0.33650
7.9800 -0.33880
7.9900 -0.32480
8.0000 -0.31080
8.0100 -0.28810
8.0200 -0.26530
8.0300 -0.22160
8.0400 -0.17790
8.0500 -0.12970
8.0600 -0.08150
8.0700 0.09360
8.0800 0.26870
8.0900 0.40380
8.1000 0.53890
8.1100 0.54160
8.1200 0.54430
8.1300 0.55630
8.1400 0.56830
8.1500 0.51350
8.1600 0.45880
8.1700 0.40950
8.1800 0.36020
8.1900 0.32070
8.2000 0.28120
8.2100 0.24030
8.2200 0.19930
8.2300 0.13960
8.2400 0.07980
8.2500 0.03580
8.2600 -0.00830
8.2700 -0.04570
8.2800 -0.08310
8.2900 -0.11120
8.3000 -0.13940
8.3100 -0.15470
8.3200 -0.17000
8.3300 -0.16870
8.3400 -0.16730
8.3500 -0.14380
8.3600 -0.12040
8.3700 -0.09080
8.3800 -0.06130
8.3900 -0.02520
8.4000 0.01090
8.4100 0.04340
8.4200 0.07590
8.4300 0.09850
8.4400 0.12100
8.4500 0.13680
8.4600 0.15260
8.4700 0.16530
8.4800 0.17800
8.4900 0.17630
8.5000 0.17460
8.5100 0.16460
8.5200 0.15460
8.5300 0.13750
8.5400 0.12030
8.5500 0.10030
8.5600 0.08040
8.5700 0.04990
8.5800 0.01940
8.5900 -0.01360
8.6000 -0.04660
8.6100 -0.07230
8.6200 -0.09790
8.6300 -0.12190
8.6400 -0.14580
8.6500 -0.15460
8.6600 -0.16340
8.6700 -0.16380
8.6800 -0.16410
8.6900 -0.16090
8.7000 -0.15760
8.7100 -0.14450
8.7200 -0.13130
8.7300 -0.10550
8.7400 -0.07960
8.7500 -0.06240
8.7600 -0.04520
8.7700 -0.04570
8.7800 -0.04630
8.7900 -0.04930
8.8000 -0.05230
8.8100 -0.04180
8.8200 -0.03130
8.8300 -0.01580
8.8400 -0.00030
8.8500 0.00640
8.8600 0.01310
8.8700 0.02510
8.8800 0.03710
8.8900 0.05040
8.9000 0.06380
8.9100 0.08250
8.9200 0.10120
8.9300 0.12720
8.9400 0.15310
8.9500 0.17170
8.9600 0.19040
8.9700 0.19560
8.9800 0.20080
8.9900 0.20640
9.0000 0.21200
9.0100 0.21770
9.0200 0.22340
9.0300 0.21520
9.0400 0.20700
9.0500 0.17510
9.0600 0.14310
9.0700 0.10890
9.0800 0.07460
9.0900 0.04830
9.1000 0.02190
9.1100 0.00260
9.1200 -0.01680
9.1300 -0.03310
9.1400 -0.04950
9.1500 -0.07460
9.1600 -0.09970
9.1700 -0.12440
9.1800 -0.14910
9.1900 -0.17140
9.2000 -0.19370
9.2100 -0.21140
9.2200 -0.22920
9.2300 -0.23990
9.2400 -0.25070
9.2500 -0.25790
9.2600 -0.26510
9.2700 -0.27120
9.2800 -0.27730
9.2900 -0.28000
9.3000 -0.28260
9.3100 -0.28310
9.3200 -0.28350
9.3300 -0.28080
9.3400 -0.27810
9.3500 -0.27280
9.3600 -0.26750
9.3700 -0.25140
9.3800 -0.23520
9.3900 -0.19970
9.4000 -0.16430
9.4100 -0.11980
9.4200 -0.07530
9.4300 -0.01020
9.4400 0.05490
9.4500 0.07620
9.4600 0.09750
9.4700 0.06590
9.4800 0.03430
9.4900 0.01920
9.5000 0.00400
9.5100 -0.00240
9.5200 -0.00880
9.5300 0.00940
9.5400 0.02760
9.5500 0.05810
9.5600 0.08850
9.5700 0.11740
9.5800 0.14630
9.5900 0.15330
9.6000 0.16020
9.6100 0.13220
9.6200 0.10420
9.6300 0.07640
9.6400 0.04860
9.6500 0.02940
9.6600 0.01020
9.6700 0.01170
9.6800 0.01330
9.6900 0.03820
9.7000 0.06310
9.7100 0.08730
9.7200 0.11150
9.7300 0.12310
9.7400 0.13470
9.7500 0.13620
9.7600 0.13770
9.7700 0.13610
9.7800 0.13450
9.7900 0.12360
9.8000 0.11260
9.8100 0.09780
9.8200 0.08300
9.8300 0.07870
9.8400 0.07450
9.8500 0.07400
9.8600 0.07340
9.8700 0.07260
9.8800 0.07180
9.8900 0.07820
9.9000 0.08450
9.9100 0.09240
9.9200 0.10030
9.9300 0.10110
9.9400 0.10180
9.9500 0.08870
9.9600 0.07560
9.9700 0.05460
9.9800 0.03370
9.9900 0.01400
10.0000 -0.00580
10.0100 -0.02450
10.0200 -0.04320
10.0300 -0.04960
10.0400 -0.05610
10.0500 -0.05980
10.0600 -0.06340
10.0700 -0.06650
10.0800 -0.06960
10.0900 -0.07430
10.1000 -0.07910
10.1100 -0.08310
10.1200 -0.08710
10.1300 -0.08770
10.1400 -0.08830
10.1500 -0.08330
10.1600 -0.07820
10.1700 -0.05730
10.1800 -0.03630
10.1900 -0.01040
10.2000 0.01550
10.2100 0.03830
10.2200 0.06110
10.2300 0.07390
10.2400 0.08670
10.2500 0.08530
10.2600 0.08380
10.2700 0.06880
10.2800 0.05380
10.2900 0.03140
10.3000 0.00890
10.3100 -0.00980
10.3200 -0.02850
10.3300 -0.03510
10.3400 -0.04170
10.3500 -0.03390
10.3600 -0.02610
10.3700 -0.00930
10.3800 0.00760
10.3900 0.01990
10.4000 0.03230
10.4100 0.03740
10.4200 0.04260
10.4300 0.04580
10.4400 0.04900
10.4500 0.05030
10.4600 0.05170
10.4700 0.05200
10.4800 0.05240
10.4900 0.05160
10.5000 0.05080
10.5100 0.04980
10.5200 0.04880
10.5300 0.04960
10.5400 0.05050
10.5500 0.05590
10.5600 0.06130
10.5700 0.07480
10.5800 0.08830
10.5900 0.09810
10.6000 0.10790
10.6100 0.11080
10.6200 0.11380
10.6300 0.09770
10.6400 0.08160
10.6500 0.05760
10.6600 0.03350
10.6700 0.01260
10.6800 -0.00830
10.6900 -0.02660
10.7000 -0.04480
10.7100 -0.05590
10.7200 -0.06700
10.7300 -0.07580
10.7400 -0.08450
10.7500 -0.08830
10.7600 -0.09210
10.7700 -0.08780
10.7800 -0.08350
10.7900 -0.06070
10.8000 -0.03780
10.8100 -0.01310
10.8200 0.01150
10.8300 0.03380
10.8400 0.05620
10.8500 0.06070
10.8600 0.06530
10.8700 0.03530
10.8800 0.00520
10.8900 -0.02850
10.9000 -0.06220
10.9100 -0.08620
10.9200 -0.11020
10.9300 -0.12790
10.9400 -0.14560
10.9500 -0.15390
10.9600 -0.16220
10.9700 -0.16610
10.9800 -0.16990
10.9900 -0.16720
11.0000 -0.16460
11.0100 -0.14960
11.0200 -0.13450
11.0300 -0.10890
11.0400 -0.08340
11.0500 -0.05500
11.0600 -0.02660
11.0700 0.00020
11.0800 0.02700
11.0900 0.04420
11.1000 0.06140
11.1100 0.06170
11.1200 0.06190
11.1300 0.05060
11.1400 0.03920
11.1500 0.03000
11.1600 0.02070
11.1700 0.01680
11.1800 0.01290
11.1900 0.00290
11.2000 -0.00710
11.2100 -0.01880
11.2200 -0.03050
11.2300 -0.03630
11.2400 -0.04220
11.2500 -0.04510
11.2600 -0.04810
11.2700 -0.04260
11.2800 -0.03700
11.2900 -0.02470
11.3000 -0.01230
11.3100 0.00750
11.3200 0.02730
11.3300 0.04880
11.3400 0.07020
11.3500 0.07690
11.3600 0.08360
11.3700 0.07390
11.3800 0.06410
11.3900 0.04030
11.4000 0.01660
11.4100 -0.00390
11.4200 -0.02440
11.4300 -0.03330
11.4400 -0.04220
11.4500 -0.04430
11.4600 -0.04640
11.4700 -0.04290
11.4800 -0.03930
11.4900 -0.03220
11.5000 -0.02500
11.5100 -0.01800
11.5200 -0.01090
11.5300 -0.00780
11.5400 -0.00480
11.5500 -0.00500
11.5600 -0.00520
11.5700 -0.00740
11.5800 -0.00950
11.5900 -0.01090
11.6000 -0.01230
11.6100 -0.01210
11.6200 -0.01190
11.6300 -0.00650
11.6400 -0.00120
11.6500 0.00970
11.6600 0.02070
11.6700 0.03420
11.6800 0.04770
11.6900 0.06630
11.7000 0.08480
11.7100 0.10320
11.7200 0.12160
11.7300 0.13130
11.7400 0.14090
11.7500 0.14380
11.7600 0.14680
11.7700 0.14610
11.7800 0.14540
11.7900 0.14320
11.8000 0.14100
11.8100 0.13490
11.8200 0.12880
11.8300 0.11500
11.8400 0.10120
11.8500 0.08810
11.8600 0.07500
11.8700 0.06910
11.8800 0.06310
11.8900 0.05680
11.9000 0.05060
11.9100 0.03830
11.9200 0.02600
11.9300 0.01600
11.9400 0.00610
11.9500 -0.00350
11.9600 -0.01310
11.9700 -0.02480
11.9800 -0.03660
11.9900 -0.04440
12.0000 -0.05230
12.0100 -0.06140
12.0200 -0.07050
12.0300 -0.08140
12.0400 -0.09230
12.0500 -0.10190
12.0600 -0.11150
12.0700 -0.11950
12.0800 -0.12750
12.0900 -0.13400
12.1000 -0.14050
12.1100 -0.14520
12.1200 -0.14990
12.1300 -0.15030
12.1400 -0.15070
12.1500 -0.14560
12.1600 -0.14050
12.1700 -0.13000
12.1800 -0.11940
12.1900 -0.10820
12.2000 -0.09690
12.2100 -0.08670
12.2200 -0.07650
12.2300 -0.07050
12.2400 -0.06460
12.2500 -0.05720
12.2600 -0.04980
12.2700 -0.03740
12.2800 -0.02490
12.2900 -0.01270
12.3000 -0.00050
12.3100 0.00760
12.3200 0.01570
12.3300 0.02160
12.3400 0.02740
12.3500 0.03600
12.3600 0.04470
12.3700 0.06000
12.3800 0.07520
12.3900 0.09290
12.4000 0.11050
12.4100 0.12810
12.4200 0.14580
12.4300 0.15630
12.4400 0.16680
12.4500 0.16610
12.4600 0.16540
12.4700 0.14550
12.4800 0.12560
12.4900 0.08970
12.5000 0.05380
12.5100 0.02360
12.5200 -0.00650
12.5300 -0.02870
12.5400 -0.05100
12.5500 -0.06160
12.5600 -0.07230
12.5700 -0.07760
12.5800 -0.08300
12.5900 -0.07640
12.6000 -0.06980
12.6100 -0.04740
12.6200 -0.02490
12.6300 0.00060
12.6400 0.02610
12.6500 0.04310
12.6600 0.06000
12.6700 0.05990
12.6800 0.05980
12.6900 0.04380
12.7000 0.02790
12.7100 0.00440
12.7200 -0.01900
12.7300 -0.03830
12.7400 -0.05750
12.7500 -0.06970
12.7600 -0.08190
12.7700 -0.08620
12.7800 -0.09050
12.7900 -0.09320
12.8000 -0.09580
12.8100 -0.08500
12.8200 -0.07420
12.8300 -0.05530
12.8400 -0.03630
12.8500 -0.01670
12.8600 0.00280
12.8700 0.01870
12.8800 0.03460
12.8900 0.04000
12.9000 0.04530
12.9100 0.03940
12.9200 0.03340
12.9300 0.02270
12.9400 0.01200
12.9500 0.00710
12.9600 0.00230
12.9700 -0.00160
12.9800 -0.00550
12.9900 -0.00730
13.0000 -0.00910
13.0100 -0.01160
13.0200 -0.01410
13.0300 -0.01660
13.0400 -0.01910
13.0500 -0.02190
13.0600 -0.02460
13.0700 -0.02590
13.0800 -0.02730
13.0900 -0.02450
13.1000 -0.02170
13.1100 -0.01800
13.1200 -0.01440
13.1300 -0.01240
13.1400 -0.01030
13.1500 -0.00910
13.1600 -0.00780
13.1700 -0.00700
13.1800 -0.00610
13.1900 -0.00760
13.2000 -0.00910
13.2100 -0.01340
13.2200 -0.01780
13.2300 -0.02290
13.2400 -0.02810
13.2500 -0.03040
13.2600 -0.03270
13.2700 -0.03090
13.2800 -0.02900
13.2900 -0.01980
13.3000 -0.01060
13.3100 0.00400
13.3200 0.01870
13.3300 0.03630
13.3400 0.05400
13.3500 0.07000
13.3600 0.08600
13.3700 0.09250
13.3800 0.09890
13.3900 0.09170
13.4000 0.08450
13.4100 0.06280
13.4200 0.04110
13.4300 0.01890
13.4400 -0.00320
13.4500 -0.02140
13.4600 -0.03960
13.4700 -0.04870
13.4800 -0.05770
13.4900 -0.06010
13.5000 -0.06250
13.5100 -0.06380
13.5200 -0.06510
13.5300 -0.06370
13.5400 -0.06220
13.5500 -0.06090
13.5600 -0.05960
13.5700 -0.06060
13.5800 -0.06160
13.5900 -0.06480
13.6000 -0.06800
13.6100 -0.07040
13.6200 -0.07290
13.6300 -0.07190
13.6400 -0.07100
13.6500 -0.06520
13.6600 -0.05940
13.6700 -0.04980
13.6800 -0.04020
13.6900 -0.02880
13.7000 -0.01730
13.7100 -0.00660
13.7200 0.00410
13.7300 0.01070
13.7400 0.01720
13.7500 0.02320
13.7600 0.02910
13.7700 0.03690
13.7800 0.04460
13.7900 0.05220
13.8000 0.05970
13.8100 0.06590
13.8200 0.07210
13.8300 0.07890
13.8400 0.08560
13.8500 0.09030
13.8600 0.09490
13.8700 0.09720
13.8800 0.09940
13.8900 0.09400
13.9000 0.08870
13.9100 0.07360
13.9200 0.05850
13.9300 0.05060
13.9400 0.04270
13.9500 0.04070
13.9600 0.03860
13.9700 0.03930
13.9800 0.04000
13.9900 0.04540
14.0000 0.05070
14.0100 0.05600
14.0200 0.06130
14.0300 0.06080
14.0400 0.06030
14.0500 0.04890
14.0600 0.03740
14.0700 0.02200
14.0800 0.00650
14.0900 -0.00750
14.1000 -0.02160
14.1100 -0.03200
14.1200 -0.04240
14.1300 -0.04730
14.1400 -0.05220
14.1500 -0.05290
14.1600 -0.05350
14.1700 -0.04870
14.1800 -0.04380
14.1900 -0.03890
14.2000 -0.03390
14.2100 -0.03370
14.2200 -0.03360
14.2300 -0.03860
14.2400 -0.04360
14.2500 -0.05320
14.2600 -0.06280
14.2700 -0.07030
14.2800 -0.07790
14.2900 -0.08080
14.3000 -0.08360
14.3100 -0.08370
14.3200 -0.08380
14.3300 -0.07270
14.3400 -0.06150
14.3500 -0.03970
14.3600 -0.01800
14.3700 0.00730
14.3800 0.03260
14.3900 0.05870
14.4000 0.08470
14.4100 0.10960
14.4200 0.13450
14.4300 0.14870
14.4400 0.16290
14.4500 0.16430
14.4600 0.16580
14.4700 0.15730
14.4800 0.14890
14.4900 0.13370
14.5000 0.11850
14.5100 0.10470
14.5200 0.09090
14.5300 0.07770
14.5400 0.06440
14.5500 0.05280
14.5600 0.04110
14.5700 0.03040
14.5800 0.01970
14.5900 0.00770
14.6000 -0.00430
14.6100 -0.01280
14.6200 -0.02140
14.6300 -0.02470
14.6400 -0.02800
14.6500 -0.02680
14.6600 -0.02560
14.6700 -0.02020
14.6800 -0.01480
14.6900 -0.00840
14.7000 -0.00210
14.7100 0.00040
14.7200 0.00290
14.7300 0.00310
14.7400 0.00330
14.7500 -0.00150
14.7600 -0.00630
14.7700 -0.01620
14.7800 -0.02600
14.7900 -0.03110
14.8000 -0.03630
14.8100 -0.03920
14.8200 -0.04210
14.8300 -0.04300
14.8400 -0.04390
14.8500 -0.04470
14.8600 -0.04550
14.8700 -0.04660
14.8800 -0.04770
14.8900 -0.04770
14.9000 -0.04780
14.9100 -0.04550
14.9200 -0.04330
14.9300 -0.03870
14.9400 -0.03410
14.9500 -0.03020
14.9600 -0.02630
14.9700 -0.02500
14.9800 -0.02380
14.9900 -0.02620
15.0000 -0.02860
15.0100 -0.03250
15.0200 -0.03630
15.0300 -0.03950
15.0400 -0.04260
15.0500 -0.04380
15.0600 -0.04490
15.0700 -0.04240
15.0800 -0.03990
15.0900 -0.03390
15.1000 -0.02790
15.1100 -0.02100
15.1200 -0.01420
15.1300 -0.01000
15.1400 -0.00590
15.1500 -0.00430
15.1600 -0.00280
15.1700 -0.00530
15.1800 -0.00780
15.1900 -0.01210
15.2000 -0.01630
15.2100 -0.02070
15.2200 -0.02520
15.2300 -0.02940
15.2400 -0.03360
15.2500 -0.03850
15.2600 -0.04350
15.2700 -0.04740
15.2800 -0.05130
15.2900 -0.05090
15.3000 -0.05040
15.3100 -0.04430
15.3200 -0.03810
15.3300 -0.02650
15.3400 -0.01480
15.3500 -0.00120
15.3600 0.01240
15.3700 0.02310
15.3800 0.03390
15.3900 0.03750
15.4000 0.04110
15.4100 0.03990
15.4200 0.03870
15.4300 0.03300
15.4400 0.02720
15.4500 0.01940
15.4600 0.01160
15.4700 0.00190
15.4800 -0.00790
15.4900 -0.01700
15.5000 -0.02610
15.5100 -0.03120
15.5200 -0.03640
15.5300 -0.03880
15.5400 -0.04120
15.5500 -0.04260
15.5600 -0.04400
15.5700 -0.04590
15.5800 -0.04780
15.5900 -0.04890
15.6000 -0.05000
15.6100 -0.05000
15.6200 -0.05000
15.6300 -0.04350
15.6400 -0.03700
15.6500 -0.02640
15.6600 -0.01570
15.6700 -0.00900
15.6800 -0.00220
15.6900 0.00250
15.7000 0.00730
15.7100 0.01180
15.7200 0.01620
15.7300 0.02010
15.7400 0.02390
15.7500 0.02690
15.7600 0.02990
15.7700 0.03110
15.7800 0.03220
15.7900 0.03030
15.8000 0.02840
15.8100 0.02330
15.8200 0.01820
15.8300 0.01180
15.8400 0.00530
15.8500 0.00070
15.8600 -0.00390
15.8700 -0.00450
15.8800 -0.00500
15.8900 -0.00300
15.9000 -0.00090
15.9100 0.00160
15.9200 0.00420
15.9300 0.00640
15.9400 0.00860
15.9500 0.00990
15.9600 0.01130
15.9700 0.01090
15.9800 0.01060
15.9900 0.00930
16.0000 0.00810
16.0100 0.00760
16.0200 0.00720
16.0300 0.00970
16.0400 0.01220
16.0500 0.01670
16.0600 0.02120
16.0700 0.02570
16.0800 0.03030
16.0900 0.03220
16.1000 0.03410
16.1100 0.03190
16.1200 0.02970
16.1300 0.02460
16.1400 0.01950
16.1500 0.01320
16.1600 0.00690
16.1700 0.00370
16.1800 0.00040
16.1900 -0.00190
16.2000 -0.00430
16.2100 -0.00630
16.2200 -0.00840
16.2300 -0.00770
16.2400 -0.00700
16.2500 -0.00430
16.2600 -0.00160
16.2700 0.00180
16.2800 0.00530
16.2900 0.00810
16.3000 0.01090
16.3100 0.01310
16.3200 0.01530
16.3300 0.01930
16.3400 0.02320
16.3500 0.02880
16.3600 0.03440
16.3700 0.03730
16.3800 0.04020
16.3900 0.03880
16.4000 0.03740
16.4100 0.03330
16.4200 0.02930
16.4300 0.02310
16.4400 0.01690
16.4500 0.00980
16.4600 0.00260
16.4700 -0.00260
16.4800 -0.00790
16.4900 -0.01000
16.5000 -0.01200
16.5100 -0.01090
16.5200 -0.00990
16.5300 -0.00690
16.5400 -0.00400
16.5500 0.00390
16.5600 0.01180
16.5700 0.02090
16.5800 0.03000
16.5900 0.03590
16.6000 0.04170
16.6100 0.04420
16.6200 0.04660
16.6300 0.04490
16.6400 0.04330
16.6500 0.04020
16.6600 0.03720
16.6700 0.03420
16.6800 0.03130
16.6900 0.02850
16.7000 0.02560
16.7100 0.02320
16.7200 0.02090
16.7300 0.01900
16.7400 0.01720
16.7500 0.01480
16.7600 0.01240
16.7700 0.00970
16.7800 0.00700
16.7900 0.00590
16.8000 0.00490
16.8100 0.00520
16.8200 0.00540
16.8300 0.00620
16.8400 0.00690
16.8500 0.00690
16.8600 0.00680
16.8700 0.00790
16.8800 0.00900
16.8900 0.01120
16.9000 0.01340
16.9100 0.01490
16.9200 0.01640
16.9300 0.01750
16.9400 0.01870
16.9500 0.01740
16.9600 0.01610
16.9700 0.01300
16.9800 0.01000
16.9900 0.00590
17.0000 0.00170
17.0100 -0.00380
17.0200 -0.00940
17.0300 -0.01450
17.0400 -0.01970
17.0500 -0.02400
17.0600 -0.02830
17.0700 -0.03170
17.0800 -0.03510
17.0900 -0.03620
17.1000 -0.03720
17.1100 -0.03580
17.1200 -0.03430
17.1300 -0.03090
17.1400 -0.02740
17.1500 -0.02240
17.1600 -0.01740
17.1700 -0.01230
17.1800 -0.00720
17.1900 -0.00350
17.2000 0.00020
17.2100 0.00120
17.2200 0.00220
17.2300 0.00150
17.2400 0.00090
17.2500 0.00010
17.2600 -0.00070
17.2700 -0.00030
17.2800 0.00010
17.2900 0.00040
17.3000 0.00070
17.3100 -0.00120
17.3200 -0.00300
17.3300 -0.00630
17.3400 -0.00960
17.3500 -0.01410
17.3600 -0.01870
17.3700 -0.02340
17.3800 -0.02800
17.3900 -0.03220
17.4000 -0.03640
17.4100 -0.04000
17.4200 -0.04350
17.4300 -0.04670
17.4400 -0.04980
17.4500 -0.05190
17.4600 -0.05410
17.4700 -0.05340
17.4800 -0.05270
17.4900 -0.04970
17.5000 -0.04670
17.5100 -0.04290
17.5200 -0.03910
17.5300 -0.03530
17.5400 -0.03160
17.5500 -0.02690
17.5600 -0.02230
17.5700 -0.01710
17.5800 -0.01190
17.5900 -0.00740
17.6000 -0.00290
17.6100 0.00030
17.6200 0.00360
17.6300 0.00560
17.6400 0.00770
17.6500 0.00890
17.6600 0.01010
17.6700 0.01060
17.6800 0.01120
17.6900 0.01190
17.7000 0.01260
17.7100 0.01480
17.7200 0.01700
17.7300 0.02260
17.7400 0.02830
17.7500 0.03530
17.7600 0.04240
17.7700 0.04780
17.7800 0.05330
17.7900 0.05600
17.8000 0.05860
17.8100 0.05690
17.8200 0.05520
17.8300 0.05010
17.8400 0.04500
17.8500 0.03950
17.8600 0.03410
17.8700 0.03050
17.8800 0.02690
17.8900 0.02520
17.9000 0.02360
17.9100 0.02220
17.9200 0.02090
17.9300 0.01940
17.9400 0.01780
17.9500 0.01520
17.9600 0.01250
17.9700 0.00800
17.9800 0.00350
17.9900 -0.00120
18.0000 -0.00590
18.0100 -0.01110
18.0200 -0.01630
18.0300 -0.02190
18.0400 -0.02760
18.0500 -0.03130
18.0600 -0.03510
18.0700 -0.03520
18.0800 -0.03530
18.0900 -0.03070
18.1000 -0.02620
18.1100 -0.01970
18.1200 -0.01330
18.1300 -0.00710
18.1400 -0.00090
18.1500 0.00330
18.1600 0.00750
18.1700 0.00660
18.1800 0.00580
18.1900 0.00150
18.2000 -0.00280
18.2100 -0.00700
18.2200 -0.01130
18.2300 -0.01390
18.2400 -0.01650
18.2500 -0.01560
18.2600 -0.01470
18.2700 -0.01010
18.2800 -0.00540
18.2900 0.00140
18.3000 0.00820
18.3100 0.01310
18.3200 0.01800
18.3300 0.01990
18.3400 0.02180
18.3500 0.02150
18.3600 0.02110
18.3700 0.01940
18.3800 0.01760
18.3900 0.01640
18.4000 0.01510
18.4100 0.01470
18.4200 0.01430
18.4300 0.01540
18.4400 0.01650
18.4500 0.01870
18.4600 0.02080
18.4700 0.02240
18.4800 0.02410
18.4900 0.02410
18.5000 0.02420
18.5100 0.02220
18.5200 0.02020
18.5300 0.01530
18.5400 0.01050
18.5500 0.00380
18.5600 -0.00280
18.5700 -0.00860
18.5800 -0.01450
18.5900 -0.01690
18.6000 -0.01920
18.6100 -0.01930
18.6200 -0.01940
18.6300 -0.01900
18.6400 -0.01870
18.6500 -0.01700
18.6600 -0.01540
18.6700 -0.01320
18.6800 -0.01100
18.6900 -0.00830
18.7000 -0.00560
18.7100 -0.00280
18.7200 0.00000
18.7300 0.00210
18.7400 0.00410
18.7500 0.00470
18.7600 0.00530
18.7700 0.00390
18.7800 0.00250
18.7900 0.00030
18.8000 -0.00200
18.8100 -0.00450
18.8200 -0.00700
18.8300 -0.00730
18.8400 -0.00750
18.8500 -0.00480
18.8600 -0.00210
18.8700 0.00190
18.8800 0.00600
18.8900 0.01020
18.9000 0.01450
18.9100 0.01870
18.9200 0.02300
18.9300 0.02550
18.9400 0.02810
18.9500 0.02700
18.9600 0.02600
18.9700 0.02150
18.9800 0.01710
18.9900 0.01050
19.0000 0.00400
19.0100 -0.00400
19.0200 -0.01200
19.0300 -0.02000
19.0400 -0.02800
19.0500 -0.03330
19.0600 -0.03860
19.0700 -0.04030
19.0800 -0.04200
19.0900 -0.03920
19.1000 -0.03630
19.1100 -0.03130
19.1200 -0.02630
19.1300 -0.02130
19.1400 -0.01630
19.1500 -0.01410
19.1600 -0.01200
19.1700 -0.01430
19.1800 -0.01660
19.1900 -0.02020
19.2000 -0.02380
19.2100 -0.02570
19.2200 -0.02760
19.2300 -0.02760
19.2400 -0.02760
19.2500 -0.02660
19.2600 -0.02560
19.2700 -0.02530
19.2800 -0.02510
19.2900 -0.02530
19.3000 -0.02560
19.3100 -0.02420
19.3200 -0.02280
19.3300 -0.01780
19.3400 -0.01280
19.3500 -0.00470
19.3600 0.00350
19.3700 0.01240
19.3800 0.02130
19.3900 0.02770
19.4000 0.03410
19.4100 0.03800
19.4200 0.04180
19.4300 0.04120
19.4400 0.04060
19.4500 0.03600
19.4600 0.03150
19.4700 0.02590
19.4800 0.02040
19.4900 0.01610
19.5000 0.01170
19.5100 0.00950
19.5200 0.00730
19.5300 0.00930
19.5400 0.01140
19.5500 0.01510
19.5600 0.01880
19.5700 0.02080
19.5800 0.02290
19.5900 0.02330
19.6000 0.02370
19.6100 0.02160
19.6200 0.01940
19.6300 0.01640
19.6400 0.01340
19.6500 0.00960
19.6600 0.00580
19.6700 0.00210
19.6800 -0.00160
19.6900 -0.00500
19.7000 -0.00840
19.7100 -0.01020
19.7200 -0.01190
19.7300 -0.01220
19.7400 -0.01250
19.7500 -0.01090
19.7600 -0.00930
19.7700 -0.00630
19.7800 -0.00340
19.7900 -0.00020
19.8000 0.00290
19.8100 0.00350
19.8200 0.00400
19.8300 0.00020
19.8400 -0.00370
19.8500 -0.01120
19.8600 -0.01860
19.8700 -0.02830
19.8800 -0.03790
19.8900 -0.04500
19.9000 -0.05220
19.9100 -0.05730
19.9200 -0.06230
19.9300 -0.06500
19.9400 -0.06770
19.9500 -0.06770
19.9600 -0.06770
19.9700 -0.06310
19.9800 -0.05840
19.9900 -0.04900
20.0000 -0.03950
20.0100 -0.03200
20.0200 -0.02460
20.0300 -0.02070
20.0400 -0.01680
20.0500 -0.01500
20.0600 -0.01320
20.0700 -0.01260
20.0800 -0.01200
20.0900 -0.01250
20.1000 -0.01290
20.1100 -0.01230
20.1200 -0.01170
20.1300 -0.00800
20.1400 -0.00420
20.1500 0.00070
20.1600 0.00560
20.1700 0.01010
20.1800 0.01460
20.1900 0.01760
20.2000 0.02060
20.2100 0.02090
20.2200 0.02120
20.2300 0.01980
20.2400 0.01840
20.2500 0.01550
20.2600 0.01260
20.2700 0.01030
20.2800 0.00790
20.2900 0.00820
20.3000 0.00850
20.3100 0.01250
20.3200 0.01650
20.3300 0.02280
20.3400 0.02920
20.3500 0.03430
20.3600 0.03940
20.3700 0.04410
20.3800 0.04880
20.3900 0.05250
20.4000 0.05610
20.4100 0.05990
20.4200 0.06360
20.4300 0.06660
20.4400 0.06960
20.4500 0.07050
20.4600 0.07150
20.4700 0.06970
20.4800 0.06790
20.4900 0.06370
20.5000 0.05940
20.5100 0.05240
20.5200 0.04540
20.5300 0.03710
20.5400 0.02880
20.5500 0.02120
20.5600 0.01370
20.5700 0.00650
20.5800 -0.00060
20.5900 -0.00580
20.6000 -0.01100
20.6100 -0.01470
20.6200 -0.01850
20.6300 -0.02130
20.6400 -0.02410
20.6500 -0.02590
20.6600 -0.02770
20.6700 -0.02820
20.6800 -0.02870
20.6900 -0.02850
20.7000 -0.02820
20.7100 -0.02680
20.7200 -0.02550
20.7300 -0.02340
20.7400 -0.02130
20.7500 -0.01830
20.7600 -0.01530
20.7700 -0.01050
20.7800 -0.00580
20.7900 0.00080
20.8000 0.00740
20.8100 0.01320
20.8200 0.01910
20.8300 0.02280
20.8400 0.02660
20.8500 0.02730
20.8600 0.02800
20.8700 0.02560
20.8800 0.02320
20.8900 0.01930
20.9000 0.01550
20.9100 0.01160
20.9200 0.00770
20.9300 0.00440
20.9400 0.00110
20.9500 -0.00180
20.9600 -0.00470
20.9700 -0.00760
20.9800 -0.01050
20.9900 -0.01340
21.0000 -0.01630
21.0100 -0.01760
21.0200 -0.01880
21.0300 -0.01750
21.0400 -0.01620
21.0500 -0.01200
21.0600 -0.00780
21.0700 -0.00340
21.0800 0.00100
21.0900 0.00500
21.1000 0.00890
21.1100 0.01170
21.1200 0.01440
21.1300 0.01500
21.1400 0.01560
21.1500 0.01470
21.1600 0.01380
21.1700 0.01180
21.1800 0.00980
21.1900 0.00720
21.2000 0.00450
21.2100 0.00330
21.2200 0.00220
21.2300 0.00160
21.2400 0.00110
21.2500 -0.00010
21.2600 -0.00130
21.2700 -0.00310
21.2800 -0.00480
21.2900 -0.00640
21.3000 -0.00800
21.3100 -0.00930
21.3200 -0.01060
21.3300 -0.01020
21.3400 -0.00990
21.3500 -0.00920
21.3600 -0.00860
21.3700 -0.00850
21.3800 -0.00840
21.3900 -0.00910
21.4000 -0.00980
21.4100 -0.01250
21.4200 -0.01520
21.4300 -0.01810
21.4400 -0.02100
21.4500 -0.02390
21.4600 -0.02680
21.4700 -0.02940
21.4800 -0.03200
21.4900 -0.03440
21.5000 -0.03680
21.5100 -0.03880
21.5200 -0.04070
21.5300 -0.04250
21.5400 -0.04420
21.5500 -0.04560
21.5600 -0.04700
21.5700 -0.04840
21.5800 -0.04990
21.5900 -0.04900
21.6000 -0.04810
21.6100 -0.04440
21.6200 -0.04070
21.6300 -0.03560
21.6400 -0.03060
21.6500 -0.02560
21.6600 -0.02070
21.6700 -0.01660
21.6800 -0.01250
21.6900 -0.00880
21.7000 -0.00520
21.7100 -0.00320
21.7200 -0.00130
21.7300 -0.00090
21.7400 -0.00050
21.7500 -0.00190
21.7600 -0.00320
21.7700 -0.00450
21.7800 -0.00580
21.7900 -0.00580
21.8000 -0.00590
21.8100 -0.00550
21.8200 -0.00520
21.8300 -0.00320
21.8400 -0.00130
21.8500 0.00190
21.8600 0.00500
21.8700 0.00900
21.8800 0.01290
21.8900 0.01650
21.9000 0.02020
21.9100 0.02220
21.9200 0.02420
21.9300 0.02320
21.9400 0.02220
21.9500 0.01820
21.9600 0.01410
21.9700 0.00950
21.9800 0.00480
21.9900 0.00170
22.0000 -0.00130
22.0100 -0.00280
22.0200 -0.00430
22.0300 -0.00510
22.0400 -0.00580
22.0500 -0.00630
22.0600 -0.00680
22.0700 -0.00780
22.0800 -0.00870
22.0900 -0.01050
22.1000 -0.01230
22.1100 -0.01460
22.1200 -0.01690
22.1300 -0.01800
22.1400 -0.01910
22.1500 -0.01860
22.1600 -0.01820
22.1700 -0.01540
22.1800 -0.01270
22.1900 -0.00730
22.2000 -0.00200
22.2100 0.00560
22.2200 0.01320
22.2300 0.02010
22.2400 0.02700
22.2500 0.03140
22.2600 0.03580
22.2700 0.03730
22.2800 0.03880
22.2900 0.03670
22.3000 0.03470
22.3100 0.02990
22.3200 0.02510
22.3300 0.02140
22.3400 0.01760
22.3500 0.01800
22.3600 0.01840
22.3700 0.02290
22.3800 0.02730
22.3900 0.03280
22.4000 0.03830
22.4100 0.04100
22.4200 0.04370
22.4300 0.04360
22.4400 0.04340
22.4500 0.04100
22.4600 0.03870
22.4700 0.03680
22.4800 0.03490
22.4900 0.03310
22.5000 0.03130
22.5100 0.02890
22.5200 0.02650
22.5300 0.02390
22.5400 0.02130
22.5500 0.01810
22.5600 0.01480
22.5700 0.01150
22.5800 0.00820
22.5900 0.00470
22.6000 0.00130
22.6100 -0.00070
22.6200 -0.00280
22.6300 -0.00330
22.6400 -0.00380
22.6500 -0.00400
22.6600 -0.00430
22.6700 -0.00520
22.6800 -0.00610
22.6900 -0.00820
22.7000 -0.01030
22.7100 -0.01230
22.7200 -0.01430
22.7300 -0.01580
22.7400 -0.01740
22.7500 -0.01740
22.7600 -0.01730
22.7700 -0.01480
22.7800 -0.01230
22.7900 -0.00890
22.8000 -0.00560
22.8100 -0.00260
22.8200 0.00040
22.8300 0.00170
22.8400 0.00300
22.8500 0.00260
22.8600 0.00230
22.8700 0.00050
22.8800 -0.00120
22.8900 -0.00290
22.9000 -0.00470
22.9100 -0.00640
22.9200 -0.00810
22.9300 -0.00930
22.9400 -0.01040
22.9500 -0.01230
22.9600 -0.01420
22.9700 -0.01740
22.9800 -0.02060
22.9900 -0.02350
23.0000 -0.02640
23.0100 -0.02850
23.0200 -0.03050
23.0300 -0.03150
23.0400 -0.03250
23.0500 -0.03210
23.0600 -0.03180
23.0700 -0.03070
23.0800 -0.02960
23.0900 -0.02840
23.1000 -0.02720
23.1100 -0.02550
23.1200 -0.02380
23.1300 -0.02170
23.1400 -0.01960
23.1500 -0.01610
23.1600 -0.01260
23.1700 -0.00810
23.1800 -0.00350
23.1900 0.00170
23.2000 0.00680
23.2100 0.01290
23.2200 0.01910
23.2300 0.02490
23.2400 0.03080
23.2500 0.03450
23.2600 0.03820
23.2700 0.04050
23.2800 0.04270
23.2900 0.04210
23.3000 0.04160
23.3100 0.03940
23.3200 0.03730
23.3300 0.03410
23.3400 0.03100
23.3500 0.02710
23.3600 0.02320
23.3700 0.01860
23.3800 0.01400
23.3900 0.00970
23.4000 0.00530
23.4100 0.00250
23.4200 -0.00040
23.4300 -0.00050
23.4400 -0.00060
23.4500 0.00220
23.4600 0.00490
23.4700 0.00730
23.4800 0.00970
23.4900 0.01140
23.5000 0.01320
23.5100 0.01230
23.5200 0.01150
23.5300 0.00950
23.5400 0.00740
23.5500 0.00490
23.5600 0.00240
23.5700 -0.00110
23.5800 -0.00460
23.5900 -0.00750
23.6000 -0.01040
23.6100 -0.01340
23.6200 -0.01640
23.6300 -0.01920
23.6400 -0.02210
23.6500 -0.02560
23.6600 -0.02920
23.6700 -0.03210
23.6800 -0.03500
23.6900 -0.03670
23.7000 -0.03830
23.7100 -0.03840
23.7200 -0.03840
23.7300 -0.03590
23.7400 -0.03330
23.7500 -0.02980
23.7600 -0.02630
23.7700 -0.02140
23.7800 -0.01660
23.7900 -0.01260
23.8000 -0.00870
23.8100 -0.00710
23.8200 -0.00540
23.8300 -0.00620
23.8400 -0.00700
23.8500 -0.00820
23.8600 -0.00940
23.8700 -0.01010
23.8800 -0.01070
23.8900 -0.00960
23.9000 -0.00850
23.9100 -0.00510
23.9200 -0.00180
23.9300 0.00110
23.9400 0.00410
23.9500 0.00610
23.9600 0.00810
23.9700 0.00720
23.9800 0.00640
23.9900 0.00430
24.0000 0.00210
24.0100 -0.00000
24.0200 -0.00220
24.0300 -0.00170
24.0400 -0.00130
24.0500 0.00350
24.0600 0.00830
24.0700 0.01410
24.0800 0.01980
24.0900 0.02360
24.1000 0.02750
24.1100 0.03020
24.1200 0.03280
24.1300 0.03390
24.1400 0.03490
24.1500 0.03420
24.1600 0.03350
24.1700 0.03150
24.1800 0.02950
24.1900 0.02830
24.2000 0.02710
24.2100 0.02710
24.2200 0.02710
24.2300 0.02710
24.2400 0.02720
24.2500 0.02520
24.2600 0.02330
24.2700 0.01920
24.2800 0.01510
24.2900 0.01010
24.3000 0.00510
24.3100 0.00090
24.3200 -0.00330
24.3300 -0.00560
24.3400 -0.00780
24.3500 -0.00860
24.3600 -0.00940
24.3700 -0.00870
24.3800 -0.00810
24.3900 -0.00800
24.4000 -0.00790
24.4100 -0.00900
24.4200 -0.01020
24.4300 -0.01190
24.4400 -0.01360
24.4500 -0.01520
24.4600 -0.01690
24.4700 -0.01800
24.4800 -0.01910
24.4900 -0.01820
24.5000 -0.01720
24.5100 -0.01510
24.5200 -0.01300
24.5300 -0.01040
24.5400 -0.00780
24.5500 -0.00590
24.5600 -0.00400
24.5700 -0.00380
24.5800 -0.00360
24.5900 -0.00440
24.6000 -0.00510
24.6100 -0.00520
24.6200 -0.00530
24.6300 -0.00520
24.6400 -0.00520
24.6500 -0.00570
24.6600 -0.00620
24.6700 -0.00630
24.6800 -0.00650
24.6900 -0.00740
24.7000 -0.00840
24.7100 -0.00970
24.7200 -0.01100
24.7300 -0.01120
24.7400 -0.01130
24.7500 -0.01100
24.7600 -0.01080
24.7700 -0.00970
24.7800 -0.00870
24.7900 -0.00660
24.8000 -0.00460
24.8100 -0.00240
24.8200 -0.00010
24.8300 0.00180
24.8400 0.00370
24.8500 0.00470
24.8600 0.00580
24.8700 0.00580
24.8800 0.00580
24.8900 0.00460
24.9000 0.00350
24.9100 0.00150
24.9200 -0.00040
24.9300 -0.00210
24.9400 -0.00390
24.9500 -0.00410
24.9600 -0.00430
24.9700 -0.00370
24.9800 -0.00300
24.9900 -0.00090
25.0000 0.00130
25.0100 0.00440
25.0200 0.00740
25.0300 0.00920
25.0400 0.01090
25.0500 0.01280
25.0600 0.01460
25.0700 0.01550
25.0800 0.01630
25.0900 0.01630
25.1000 0.01630
25.1100 0.01570
25.1200 0.01500
25.1300 0.01440
25.1400 0.01380
25.1500 0.01300
25.1600 0.01210
25.1700 0.01070
25.1800 0.00920
25.1900 0.00840
25.2000 0.00770
25.2100 0.00650
25.2200 0.00530
25.2300 0.00430
25.2400 0.00330
25.2500 0.00310
25.2600 0.00290
25.2700 0.00280
25.2800 0.00270
25.2900 0.00280
25.3000 0.00300
25.3100 0.00240
25.3200 0.00180
25.3300 0.00000
25.3400 -0.00180
25.3500 -0.00440
25.3600 -0.00710
25.3700 -0.00930
25.3800 -0.01140
25.3900 -0.01230
25.4000 -0.01320
25.4100 -0.01320
25.4200 -0.01330
25.4300 -0.01270
25.4400 -0.01220
25.4500 -0.01140
25.4600 -0.01070
25.4700 -0.00970
25.4800 -0.00860
25.4900 -0.00780
25.5000 -0.00700
25.5100 -0.00730
25.5200 -0.00760
25.5300 -0.00740
25.5400 -0.00710
25.5500 -0.00620
25.5600 -0.00530
25.5700 -0.00490
25.5800 -0.00460
25.5900 -0.00360
25.6000 -0.00250
25.6100 -0.00210
25.6200 -0.00170
25.6300 -0.00300
25.6400 -0.00430
25.6500 -0.00690
25.6600 -0.00950
25.6700 -0.01230
25.6800 -0.01500
25.6900 -0.01740
25.7000 -0.01980
25.7100 -0.02110
25.7200 -0.02240
25.7300 -0.02230
25.7400 -0.02230
25.7500 -0.02090
25.7600 -0.01950
25.7700 -0.01750
25.7800 -0.01550
25.7900 -0.01460
25.8000 -0.01360
25.8100 -0.01340
25.8200 -0.01320
25.8300 -0.01310
25.8400 -0.01300
25.8500 -0.01170
25.8600 -0.01040
25.8700 -0.00820
25.8800 -0.00600
25.8900 -0.00450
25.9000 -0.00300
25.9100 -0.00250
25.9200 -0.00200
25.9300 -0.00240
25.9400 -0.00270
25.9500 -0.00310
25.9600 -0.00360
25.9700 -0.00260
25.9800 -0.00160
25.9900 0.00100
26.0000 0.00350
26.0100 0.00730
26.0200 0.01110
26.0300 0.01470
26.0400 0.01830
26.0500 0.02160
26.0600 0.02500
26.0700 0.02650
26.0800 0.02790
26.0900 0.02630
26.1000 0.02460
26.1100 0.02160
26.1200 0.01860
26.1300 0.01570
26.1400 0.01280
26.1500 0.01060
26.1600 0.00840
26.1700 0.00710
26.1800 0.00570
26.1900 0.00470
26.2000 0.00370
26.2100 0.00190
26.2200 0.00010
26.2300 -0.00200
26.2400 -0.00400
26.2500 -0.00630
26.2600 -0.00860
26.2700 -0.00990
26.2800 -0.01120
26.2900 -0.01160
26.3000 -0.01200
26.3100 -0.01080
26.3200 -0.00950
26.3300 -0.00640
26.3400 -0.00330
26.3500 -0.00080
26.3600 0.00180
26.3700 0.00370
26.3800 0.00560
26.3900 0.00650
26.4000 0.00740
26.4100 0.00810
26.4200 0.00890
26.4300 0.00960
26.4400 0.01040
26.4500 0.01030
26.4600 0.01010
26.4700 0.00940
26.4800 0.00870
26.4900 0.00690
26.5000 0.00510
26.5100 0.00380
26.5200 0.00250
26.5300 0.00180
26.5400 0.00110
26.5500 0.00050
26.5600 -0.00010
26.5700 0.00010
26.5800 0.00020
26.5900 0.00030
26.6000 0.00040
26.6100 -0.00070
26.6200 -0.00170
26.6300 -0.00370
26.6400 -0.00560
26.6500 -0.00740
26.6600 -0.00930
26.6700 -0.01070
26.6800 -0.01220
26.6900 -0.01250
26.7000 -0.01290
26.7100 -0.01230
26.7200 -0.01170
26.7300 -0.01080
26.7400 -0.00990
26.7500 -0.00910
26.7600 -0.00820
26.7700 -0.00640
26.7800 -0.00450
26.7900 -0.00180
26.8000 0.00090
26.8100 0.00320
26.8200 0.00540
26.8300 0.00790
26.8400 0.01040
26.8500 0.01210
26.8600 0.01380
26.8700 0.01500
26.8800 0.01630
26.8900 0.01690
26.9000 0.01750
26.9100 0.01730
26.9200 0.01720
26.9300 0.01770
26.9400 0.01820
26.9500 0.01820
26.9600 0.01820
26.9700 0.01810
26.9800 0.01810
26.9900 0.01810
27.0000 0.01810
27.0100 0.01800
27.0200 0.01790
27.0300 0.01780
27.0400 0.01770
27.0500 0.01690
27.0600 0.01620
27.0700 0.01470
27.0800 0.01330
27.0900 0.01240
27.1000 0.01150
27.1100 0.01070
27.1200 0.01000
27.1300 0.01050
27.1400 0.01110
27.1500 0.01130
27.1600 0.01150
27.1700 0.00990
27.1800 0.00830
27.1900 0.00570
27.2000 0.00320
27.2100 0.00070
27.2200 -0.00190
27.2300 -0.00340
27.2400 -0.00490
27.2500 -0.00470
27.2600 -0.00450
27.2700 -0.00310
27.2800 -0.00170
27.2900 -0.00120
27.3000 -0.00070
27.3100 -0.00170
27.3200 -0.00270
27.3300 -0.00420
27.3400 -0.00570
27.3500 -0.00740
27.3600 -0.00920
27.3700 -0.01090
27.3800 -0.01260
27.3900 -0.01360
27.4000 -0.01460
27.4100 -0.01640
27.4200 -0.01820
27.4300 -0.01920
27.4400 -0.02030
27.4500 -0.02080
27.4600 -0.02120
27.4700 -0.02030
27.4800 -0.01930
27.4900 -0.01830
27.5000 -0.01730
27.5100 -0.01770
27.5200 -0.01810
27.5300 -0.01880
27.5400 -0.01950
27.5500 -0.02000
27.5600 -0.02040
27.5700 -0.02030
27.5800 -0.02010
27.5900 -0.01910
27.6000 -0.01800
27.6100 -0.01600
27.6200 -0.01400
27.6300 -0.01210
27.6400 -0.01030
27.6500 -0.00770
27.6600 -0.00520
27.6700 -0.00290
27.6800 -0.00060
27.6900 0.00100
27.7000 0.00260
27.7100 0.00330
27.7200 0.00400
27.7300 0.00510
27.7400 0.00630
27.7500 0.00680
27.7600 0.00740
27.7700 0.00840
27.7800 0.00930
27.7900 0.00980
27.8000 0.01030
27.8100 0.01040
27.8200 0.01060
27.8300 0.01170
27.8400 0.01290
27.8500 0.01410
27.8600 0.01530
27.8700 0.01690
27.8800 0.01850
27.8900 0.01990
27.9000 0.02120
27.9100 0.02140
27.9200 0.02160
27.9300 0.02050
27.9400 0.01950
27.9500 0.01680
27.9600 0.01420
27.9700 0.01090
27.9800 0.00750
27.9900 0.00530
28.0000 0.00320
28.0100 0.00050
28.0200 -0.00210
28.0300 -0.00330
28.0400 -0.00450
28.0500 -0.00400
28.0600 -0.00360
28.0700 -0.00230
28.0800 -0.00090
28.0900 -0.00090
28.1000 -0.00080
28.1100 -0.00150
28.1200 -0.00230
28.1300 -0.00420
28.1400 -0.00620
28.1500 -0.00890
28.1600 -0.01170
28.1700 -0.01410
28.1800 -0.01660
28.1900 -0.01870
28.2000 -0.02080
28.2100 -0.02150
28.2200 -0.02220
28.2300 -0.02150
28.2400 -0.02080
28.2500 -0.01870
28.2600 -0.01660
28.2700 -0.01500
28.2800 -0.01340
28.2900 -0.01230
28.3000 -0.01120
28.3100 -0.01080
28.3200 -0.01040
28.3300 -0.00960
28.3400 -0.00890
28.3500 -0.00800
28.3600 -0.00710
28.3700 -0.00730
28.3800 -0.00740
28.3900 -0.00770
28.4000 -0.00800
28.4100 -0.00730
28.4200 -0.00650
28.4300 -0.00500
28.4400 -0.00360
28.4500 -0.00060
28.4600 0.00240
28.4700 0.00620
28.4800 0.01000
28.4900 0.01390
28.5000 0.01780
28.5100 0.02060
28.5200 0.02350
28.5300 0.02470
28.5400 0.02600
28.5500 0.02680
28.5600 0.02750
28.5700 0.02670
28.5800 0.02580
28.5900 0.02440
28.6000 0.02300
28.6100 0.02060
28.6200 0.01810
28.6300 0.01420
28.6400 0.01040
28.6500 0.00690
28.6600 0.00340
28.6700 0.00030
28.6800 -0.00270
28.6900 -0.00500
28.7000 -0.00720
28.7100 -0.00810
28.7200 -0.00890
28.7300 -0.00750
28.7400 -0.00610
28.7500 -0.00270
28.7600 0.00070
28.7700 0.00440
28.7800 0.00820
28.7900 0.01180
28.8000 0.01540
28.8100 0.01840
28.8200 0.02130
28.8300 0.02220
28.8400 0.02320
28.8500 0.02180
28.8600 0.02050
28.8700 0.01820
28.8800 0.01580
28.8900 0.01350
28.9000 0.01110
28.9100 0.00940
28.9200 0.00770
28.9300 0.00660
28.9400 0.00560
28.9500 0.00510
28.9600 0.00450
28.9700 0.00360
28.9800 0.00270
28.9900 0.00190
29.0000 0.00100
29.0100 -0.00040
29.0200 -0.00180
29.0300 -0.00400
29.0400 -0.00620
29.0500 -0.00700
29.0600 -0.00780
29.0700 -0.00710
29.0800 -0.00640
29.0900 -0.00520
29.1000 -0.00400
29.1100 -0.00400
29.1200 -0.00400
29.1300 -0.00380
29.1400 -0.00370
29.1500 -0.00410
29.1600 -0.00460
29.1700 -0.00590
29.1800 -0.00720
29.1900 -0.00840
29.2000 -0.00960
29.2100 -0.01160
29.2200 -0.01370
29.2300 -0.01500
29.2400 -0.01640
29.2500 -0.01680
29.2600 -0.01720
29.2700 -0.01660
29.2800 -0.01590
29.2900 -0.01500
29.3000 -0.01410
29.3100 -0.01380
29.3200 -0.01350
29.3300 -0.01330
29.3400 -0.01300
29.3500 -0.01240
29.3600 -0.01180
29.3700 -0.01130
29.3800 -0.01090
29.3900 -0.00980
29.4000 -0.00870
29.4100 -0.00710
29.4200 -0.00560
29.4300 -0.00500
29.4400 -0.00440
29.4500 -0.00430
29.4600 -0.00430
29.4700 -0.00430
29.4800 -0.00430
29.4900 -0.00380
29.5000 -0.00330
29.5100 -0.00350
29.5200 -0.00380
29.5300 -0.00320
29.5400 -0.00260
29.5500 -0.00180
29.5600 -0.00100
29.5700 -0.00020
29.5800 0.00050
29.5900 0.00110
29.6000 0.00180
29.6100 0.00130
29.6200 0.00090
29.6300 0.00110
29.6400 0.00130
29.6500 0.00110
29.6600 0.00080
29.6700 0.00010
29.6800 -0.00060
29.6900 -0.00090
29.7000 -0.00120
29.7100 -0.00120
29.7200 -0.00130
29.7300 0.00090
29.7400 0.00310
29.7500 0.00530
29.7600 0.00750
29.7700 0.00890
29.7800 0.01030
29.7900 0.01090
29.8000 0.01150
29.8100 0.01060
29.8200 0.00980
29.8300 0.00740
29.8400 0.00500
29.8500 0.00220
29.8600 -0.00050
29.8700 -0.00170
29.8800 -0.00300
29.8900 -0.00360
29.9000 -0.00430
29.9100 -0.00400
29.9200 -0.00360
29.9300 -0.00240
29.9400 -0.00120
29.9500 0.00000
29.9600 0.00120
29.9700 0.00110
29.9800 0.00100
29.9900 0.00110
30.0000 0.00130
30.0100 0.00030
30.0200 -0.00060
30.0300 -0.00180
30.0400 -0.00290
30.0500 -0.00340
30.0600 -0.00380
30.0700 -0.00470
30.0800 -0.00560
30.0900 -0.00660
30.1000 -0.00760
30.1100 -0.00830
30.1200 -0.00900
30.1300 -0.00730
30.1400 -0.00570
30.1500 -0.00460
30.1600 -0.00350
30.1700 -0.00230
30.1800 -0.00110
30.1900 0.00030
30.2000 0.00170
30.2100 0.00190
30.2200 0.00200
30.2300 0.00110
30.2400 0.00020
30.2500 -0.00190
30.2600 -0.00400
30.2700 -0.00490
30.2800 -0.00590
30.2900 -0.00670
30.3000 -0.00740
30.3100 -0.00710
30.3200 -0.00670
30.3300 -0.00530
30.3400 -0.00390
30.3500 -0.00230
30.3600 -0.00070
30.3700 0.00080
30.3800 0.00230
30.3900 0.00320
30.4000 0.00400
30.4100 0.00440
30.4200 0.00480
30.4300 0.00400
30.4400 0.00320
30.4500 0.00230
30.4600 0.00140
30.4700 -0.00030
30.4800 -0.00210
30.4900 -0.00360
30.5000 -0.00510
30.5100 -0.00680
30.5200 -0.00850
30.5300 -0.01010
30.5400 -0.01160
30.5500 -0.01210
30.5600 -0.01260
30.5700 -0.01370
30.5800 -0.01480
30.5900 -0.01430
30.6000 -0.01380
30.6100 -0.01290
30.6200 -0.01190
30.6300 -0.01090
30.6400 -0.00980
30.6500 -0.00790
30.6600 -0.00600
30.6700 -0.00430
30.6800 -0.00260
30.6900 -0.00080
30.7000 0.00090
30.7100 0.00250
30.7200 0.00420
30.7300 0.00630
30.7400 0.00840
30.7500 0.01040
30.7600 0.01240
30.7700 0.01320
30.7800 0.01400
30.7900 0.01420
30.8000 0.01450
30.8100 0.01420
30.8200 0.01400
30.8300 0.01320
30.8400 0.01250
30.8500 0.01280
30.8600 0.01310
30.8700 0.01360
30.8800 0.01420
30.8900 0.01530
30.9000 0.01650
30.9100 0.01650
30.9200 0.01650
30.9300 0.01580
30.9400 0.01500
30.9500 0.01410
30.9600 0.01330
30.9700 0.01170
30.9800 0.01010
30.9900 0.00960
31.0000 0.00920
31.0100 0.00830
31.0200 0.00750
31.0300 0.00720
31.0400 0.00690
31.0500 0.00680
31.0600 0.00670
31.0700 0.00640
31.0800 0.00610
31.0900 0.00480
31.1000 0.00340
31.1100 0.00200
31.1200 0.00060
31.1300 -0.00020
31.1400 -0.00090
31.1500 -0.00140
31.1600 -0.00180
31.1700 -0.00150
31.1800 -0.00120
31.1900 -0.00120
31.2000 -0.00120
31.2100 -0.00090
31.2200 -0.00060
31.2300 -0.00060
31.2400 -0.00050
31.2500 -0.00120
31.2600 -0.00180
31.2700 -0.00230
31.2800 -0.00280
31.2900 -0.00320
31.3000 -0.00360
31.3100 -0.00430
31.3200 -0.00490
31.3300 -0.00510
31.3400 -0.00530
31.3500 -0.00560
31.3600 -0.00590
31.3700 -0.00610
31.3800 -0.00640
31.3900 -0.00620
31.4000 -0.00600
31.4100 -0.00520
31.4200 -0.00440
31.4300 -0.00270
31.4400 -0.00100
31.4500 0.00010
31.4600 0.00110
31.4700 0.00300
31.4800 0.00480
31.4900 0.00600
31.5000 0.00720
31.5100 0.00690
31.5200 0.00670
31.5300 0.00580
31.5400 0.00490
31.5500 0.00330
31.5600 0.00170
31.5700 0.00110
31.5800 0.00040
31.5900 0.00070
31.6000 0.00100
31.6100 0.00240
31.6200 0.00370
31.6300 0.00540
31.6400 0.00700
31.6500 0.00790
31.6600 0.00880
31.6700 0.00850
31.6800 0.00830
31.6900 0.00790
31.7000 0.00740
31.7100 0.00740
31.7200 0.00740
31.7300 0.00840
31.7400 0.00930
31.7500 0.00880
31.7600 0.00840
31.7700 0.00770
31.7800 0.00710
31.7900 0.00610
31.8000 0.00510
31.8100 0.00340
31.8200 0.00180
31.8300 0.00130
31.8400 0.00080
31.8500 -0.00030
31.8600 -0.00130
31.8700 -0.00130
31.8800 -0.00130
31.8900 -0.00210
31.9000 -0.00290
31.9100 -0.00390
31.9200 -0.00480
31.9300 -0.00480
31.9400 -0.00490
31.9500 -0.00410
31.9600 -0.00330
31.9700 -0.00250
31.9800 -0.00160
31.9900 -0.00000
32.0000 0.00160
32.0100 0.00190
32.0200 0.00220
32.0300 0.00230
32.0400 0.00240
32.0500 0.00170
32.0600 0.00100
32.0700 0.00020
32.0800 -0.00050
32.0900 -0.00090
32.1000 -0.00120
32.1100 -0.00190
32.1200 -0.00260
32.1300 -0.00230
32.1400 -0.00200
32.1500 -0.00180
32.1600 -0.00160
32.1700 -0.00150
32.1800 -0.00150
32.1900 -0.00170
32.2000 -0.00190
32.2100 -0.00280
32.2200 -0.00370
32.2300 -0.00550
32.2400 -0.00730
32.2500 -0.00630
32.2600 -0.00530
32.2700 -0.00510
32.2800 -0.00480
32.2900 -0.00430
32.3000 -0.00380
32.3100 -0.00380
32.3200 -0.00370
32.3300 -0.00330
32.3400 -0.00290
32.3500 -0.00330
32.3600 -0.00360
32.3700 -0.00480
32.3800 -0.00590
32.3900 -0.00720
32.4000 -0.00840
32.4100 -0.01040
32.4200 -0.01230
32.4300 -0.01390
32.4400 -0.01550
32.4500 -0.01700
32.4600 -0.01850
32.4700 -0.01870
32.4800 -0.01880
32.4900 -0.01830
32.5000 -0.01770
32.5100 -0.01660
32.5200 -0.01560
32.5300 -0.01500
32.5400 -0.01440
32.5500 -0.01510
32.5600 -0.01580
32.5700 -0.01720
32.5800 -0.01870
32.5900 -0.01920
32.6000 -0.01980
32.6100 -0.02070
32.6200 -0.02170
32.6300 -0.02070
32.6400 -0.01970
32.6500 -0.01730
32.6600 -0.01480
32.6700 -0.01260
32.6800 -0.01040
32.6900 -0.00800
32.7000 -0.00550
32.7100 -0.00360
32.7200 -0.00160
32.7300 0.00090
32.7400 0.00350
32.7500 0.00490
32.7600 0.00630
32.7700 0.00750
32.7800 0.00870
32.7900 0.01040
32.8000 0.01210
32.8100 0.01330
32.8200 0.01450
32.8300 0.01550
32.8400 0.01650
32.8500 0.01750
32.8600 0.01860
32.8700 0.01920
32.8800 0.01980
32.8900 0.01980
32.9000 0.01990
32.9100 0.01960
32.9200 0.01940
32.9300 0.01910
32.9400 0.01880
32.9500 0.01810
32.9600 0.01740
32.9700 0.01740
32.9800 0.01730
32.9900 0.01670
33.0000 0.01600
33.0100 0.01480
33.0200 0.01360
33.0300 0.01230
33.0400 0.01100
33.0500 0.00970
33.0600 0.00840
33.0700 0.00750
33.0800 0.00650
33.0900 0.00560
33.1000 0.00470
33.1100 0.00370
33.1200 0.00280
33.1300 0.00240
33.1400 0.00200
33.1500 0.00140
33.1600 0.00080
33.1700 -0.00040
33.1800 -0.00150
33.1900 -0.00160
33.2000 -0.00180
33.2100 -0.00250
33.2200 -0.00320
33.2300 -0.00340
33.2400 -0.00360
33.2500 -0.00460
33.2600 -0.00560
33.2700 -0.00600
33.2800 -0.00640
33.2900 -0.00640
33.3000 -0.00640
33.3100 -0.00580
33.3200 -0.00520
33.3300 -0.00420
33.3400 -0.00320
33.3500 -0.00230
33.3600 -0.00140
33.3700 -0.00120
33.3800 -0.00100
33.3900 -0.00120
33.4000 -0.00130
33.4100 -0.00130
33.4200 -0.00130
33.4300 -0.00140
33.4400 -0.00150
33.4500 -0.00130
33.4600 -0.00110
33.4700 -0.00070
33.4800 -0.00040
33.4900 0.00050
33.5000 0.00150
33.5100 0.00210
33.5200 0.00270
33.5300 0.00290
33.5400 0.00300
33.5500 0.00250
33.5600 0.00210
33.5700 0.00180
33.5800 0.00150
33.5900 0.00040
33.6000 -0.00060
33.6100 -0.00130
33.6200 -0.00210
33.6300 -0.00320
33.6400 -0.00420
33.6500 -0.00460
33.6600 -0.00500
33.6700 -0.00460
33.6800 -0.00430
33.6900 -0.00350
33.7000 -0.00270
33.7100 -0.00150
33.7200 -0.00030
33.7300 0.00090
33.7400 0.00200
33.7500 0.00250
33.7600 0.00310
33.7700 0.00240
33.7800 0.00180
33.7900 0.00100
33.8000 0.00020
33.8100 -0.00070
33.8200 -0.00160
33.8300 -0.00230
33.8400 -0.00300
33.8500 -0.00310
33.8600 -0.00330
33.8700 -0.00340
33.8800 -0.00350
33.8900 -0.00350
33.9000 -0.00360
33.9100 -0.00360
33.9200 -0.00350
33.9300 -0.00290
33.9400 -0.00220
33.9500 -0.00160
33.9600 -0.00090
33.9700 -0.00100
33.9800 -0.00110
33.9900 -0.00090
34.0000 -0.00070
34.0100 -0.00080
34.0200 -0.00090
34.0300 -0.00050
34.0400 -0.00020
34.0500 0.00070
34.0600 0.00160
34.0700 0.00200
34.0800 0.00230
34.0900 0.00290
34.1000 0.00350
34.1100 0.00270
34.1200 0.00180
34.1300 0.00190
34.1400 0.00190
34.1500 0.00310
34.1600 0.00420
34.1700 0.00420
34.1800 0.00410
34.1900 0.00570
34.2000 0.00720
34.2100 0.00810
34.2200 0.00900
34.2300 0.00980
34.2400 0.01050
34.2500 0.01140
34.2600 0.01240
34.2700 0.01230
34.2800 0.01220
34.2900 0.01170
34.3000 0.01130
34.3100 0.01010
34.3200 0.00890
34.3300 0.00790
34.3400 0.00680
34.3500 0.00540
34.3600 0.00400
34.3700 0.00310
34.3800 0.00230
34.3900 0.00160
34.4000 0.00090
34.4100 0.00010
34.4200 -0.00060
34.4300 -0.00120
34.4400 -0.00190
34.4500 -0.00250
34.4600 -0.00310
34.4700 -0.00290
34.4800 -0.00260
34.4900 -0.00220
34.5000 -0.00170
34.5100 -0.00090
34.5200 -0.00000
34.5300 -0.00020
34.5400 -0.00030
34.5500 -0.00050
34.5600 -0.00070
34.5700 -0.00210
34.5800 -0.00360
34.5900 -0.00530
34.6000 -0.00700
34.6100 -0.00810
34.6200 -0.00920
34.6300 -0.01040
34.6400 -0.01170
34.6500 -0.01160
34.6600 -0.01160
34.6700 -0.01130
34.6800 -0.01110
34.6900 -0.01120
34.7000 -0.01130
34.7100 -0.01110
34.7200 -0.01100
34.7300 -0.01090
34.7400 -0.01090
34.7500 -0.01020
34.7600 -0.00960
34.7700 -0.00930
34.7800 -0.00900
34.7900 -0.00780
34.8000 -0.00660
34.8100 -0.00530
34.8200 -0.00390
34.8300 -0.00310
34.8400 -0.00220
34.8500 -0.00240
34.8600 -0.00260
34.8700 -0.00310
34.8800 -0.00360
34.8900 -0.00370
34.9000 -0.00380
34.9100 -0.00440
34.9200 -0.00500
34.9300 -0.00450
34.9400 -0.00400
34.9500 -0.00340
34.9600 -0.00280
34.9700 -0.00220
34.9800 -0.00170
34.9900 -0.00060
35.0000 0.00050
35.0100 0.00130
35.0200 0.00210
35.0300 0.00230
35.0400 0.00240
35.0500 0.00280
35.0600 0.00330
35.0700 0.00320
35.0800 0.00310
35.0900 0.00300
35.1000 0.00300
35.1100 0.00260
35.1200 0.00210
35.1300 0.00310
35.1400 0.00410
35.1500 0.00460
35.1600 0.00510
35.1700 0.00430
35.1800 0.00350
35.1900 0.00210
35.2000 0.00070
35.2100 -0.00050
35.2200 -0.00170
35.2300 -0.00250
35.2400 -0.00330
35.2500 -0.00390
35.2600 -0.00450
35.2700 -0.00410
35.2800 -0.00370
35.2900 -0.00370
35.3000 -0.00380
35.3100 -0.00370
35.3200 -0.00360
35.3300 -0.00270
35.3400 -0.00170
35.3500 -0.00150
35.3600 -0.00130
35.3700 -0.00240
35.3800 -0.00340
35.3900 -0.00320
35.4000 -0.00300
35.4100 -0.00380
35.4200 -0.00450
35.4300 -0.00430
35.4400 -0.00420
35.4500 -0.00300
35.4600 -0.00170
35.4700 0.00030
35.4800 0.00240
35.4900 0.00520
35.5000 0.00800
35.5100 0.00990
35.5200 0.01180
35.5300 0.01350
35.5400 0.01530
35.5500 0.01530
35.5600 0.01530
35.5700 0.01430
35.5800 0.01340
35.5900 0.01200
35.6000 0.01060
35.6100 0.00950
35.6200 0.00840
35.6300 0.00810
35.6400 0.00790
35.6500 0.00750
35.6600 0.00700
35.6700 0.00690
35.6800 0.00680
35.6900 0.00600
35.7000 0.00520
35.7100 0.00450
35.7200 0.00380
35.7300 0.00270
35.7400 0.00160
35.7500 -0.00050
35.7600 -0.00250
35.7700 -0.00390
35.7800 -0.00530
35.7900 -0.00610
35.8000 -0.00680
35.8100 -0.00700
35.8200 -0.00720
35.8300 -0.00650
35.8400 -0.00590
35.8500 -0.00500
35.8600 -0.00410
35.8700 -0.00370
35.8800 -0.00340
35.8900 -0.00340
35.9000 -0.00340
35.9100 -0.00340
35.9200 -0.00340
35.9300 -0.00360
35.9400 -0.00370
35.9500 -0.00360
35.9600 -0.00350
35.9700 -0.00260
35.9800 -0.00160
35.9900 -0.00120
36.0000 -0.00080
36.0100 -0.00120
36.0200 -0.00150
36.0300 -0.00170
36.0400 -0.00200
36.0500 -0.00170
36.0600 -0.00140
36.0700 -0.00080
36.0800 -0.00020
36.0900 0.00060
36.1000 0.00130
36.1100 0.00230
36.1200 0.00330
36.1300 0.00480
36.1400 0.00630
36.1500 0.00670
36.1600 0.00720
36.1700 0.00800
36.1800 0.00880
36.1900 0.00940
36.2000 0.01000
36.2100 0.01070
36.2200 0.01130
36.2300 0.01210
36.2400 0.01290
36.2500 0.01310
36.2600 0.01340
36.2700 0.01290
36.2800 0.01230
36.2900 0.01080
36.3000 0.00930
36.3100 0.00800
36.3200 0.00670
36.3300 0.00570
36.3400 0.00470
36.3500 0.00390
36.3600 0.00320
36.3700 0.00170
36.3800 0.00030
36.3900 -0.00000
36.4000 -0.00030
36.4100 -0.00080
36.4200 -0.00130
36.4300 -0.00180
36.4400 -0.00240
36.4500 -0.00230
36.4600 -0.00230
36.4700 -0.00270
36.4800 -0.00300
36.4900 -0.00290
36.5000 -0.00280
36.5100 -0.00290
36.5200 -0.00310
36.5300 -0.00350
36.5400 -0.00400
36.5500 -0.00470
36.5600 -0.00540
36.5700 -0.00650
36.5800 -0.00760
36.5900 -0.00790
36.6000 -0.00820
36.6100 -0.00730
36.6200 -0.00630
36.6300 -0.00490
36.6400 -0.00350
36.6500 -0.00200
36.6600 -0.00040
36.6700 0.00050
36.6800 0.00150
36.6900 0.00150
36.7000 0.00150
36.7100 0.00100
36.7200 0.00060
36.7300 -0.00010
36.7400 -0.00080
36.7500 -0.00110
36.7600 -0.00130
36.7700 -0.00140
36.7800 -0.00150
36.7900 -0.00080
36.8000 -0.00010
36.8100 0.00050
36.8200 0.00120
36.8300 0.00090
36.8400 0.00050
36.8500 0.00020
36.8600 -0.00020
36.8700 -0.00120
36.8800 -0.00220
36.8900 -0.00310
36.9000 -0.00400
36.9100 -0.00490
36.9200 -0.00580
36.9300 -0.00660
36.9400 -0.00730
36.9500 -0.00770
36.9600 -0.00800
36.9700 -0.00830
36.9800 -0.00850
36.9900 -0.00780
37.0000 -0.00710
37.0100 -0.00670
37.0200 -0.00630
37.0300 -0.00580
37.0400 -0.00530
37.0500 -0.00530
37.0600 -0.00520
37.0700 -0.00530
37.0800 -0.00540
37.0900 -0.00560
37.1000 -0.00580
37.1100 -0.00620
37.1200 -0.00670
37.1300 -0.00620
37.1400 -0.00570
37.1500 -0.00510
37.1600 -0.00450
37.1700 -0.00390
37.1800 -0.00340
37.1900 -0.00280
37.2000 -0.00220
37.2100 -0.00130
37.2200 -0.00040
37.2300 0.00000
37.2400 0.00040
37.2500 0.00050
37.2600 0.00070
37.2700 0.00040
37.2800 0.00000
37.2900 -0.00070
37.3000 -0.00140
37.3100 -0.00180
37.3200 -0.00220
37.3300 -0.00230
37.3400 -0.00240
37.3500 -0.00220
37.3600 -0.00210
37.3700 -0.00200
37.3800 -0.00190
37.3900 -0.00140
37.4000 -0.00090
37.4100 0.00010
37.4200 0.00110
37.4300 0.00170
37.4400 0.00230
37.4500 0.00300
37.4600 0.00370
37.4700 0.00350
37.4800 0.00330
37.4900 0.00280
37.5000 0.00220
37.5100 0.00160
37.5200 0.00090
37.5300 0.00070
37.5400 0.00050
37.5500 0.00060
37.5600 0.00060
37.5700 0.00050
37.5800 0.00030
37.5900 0.00030
37.6000 0.00030
37.6100 -0.00030
37.6200 -0.00100
37.6300 -0.00080
37.6400 -0.00070
37.6500 -0.00030
37.6600 0.00010
37.6700 0.00090
37.6800 0.00170
37.6900 0.00200
37.7000 0.00220
37.7100 0.00260
37.7200 0.00300
37.7300 0.00330
37.7400 0.00360
37.7500 0.00370
37.7600 0.00370
37.7700 0.00380
37.7800 0.00400
37.7900 0.00380
37.8000 0.00350
37.8100 0.00300
37.8200 0.00250
37.8300 0.00160
37.8400 0.00080
37.8500 0.00020
37.8600 -0.00040
37.8700 -0.00080
37.8800 -0.00120
37.8900 -0.00130
37.9000 -0.00140
37.9100 -0.00110
37.9200 -0.00070
37.9300 -0.00000
37.9400 0.00070
37.9500 0.00170
37.9600 0.00280
37.9700 0.00350
37.9800 0.00420
37.9900 0.00450
38.0000 0.00490
38.0100 0.00470
38.0200 0.00450
38.0300 0.00400
38.0400 0.00350
38.0500 0.00320
38.0600 0.00300
38.0700 0.00280
38.0800 0.00270
38.0900 0.00230
38.1000 0.00190
38.1100 0.00130
38.1200 0.00070
38.1300 0.00050
38.1400 0.00030
38.1500 0.00010
38.1600 -0.00020
38.1700 -0.00020
38.1800 -0.00020
38.1900 -0.00010
38.2000 -0.00000
38.2100 -0.00000
38.2200 -0.00010
38.2300 -0.00040
38.2400 -0.00070
38.2500 -0.00110
38.2600 -0.00150
38.2700 -0.00190
38.2800 -0.00230
38.2900 -0.00250
38.3000 -0.00280
38.3100 -0.00270
38.3200 -0.00250
38.3300 -0.00200
38.3400 -0.00140
38.3500 -0.00090
38.3600 -0.00030
38.3700 -0.00010
38.3800 0.00010
38.3900 0.00030
38.4000 0.00060
38.4100 0.00070
38.4200 0.00070
38.4300 0.00070
38.4400 0.00070
38.4500 0.00070
38.4600 0.00080
38.4700 0.00080
38.4800 0.00080
38.4900 0.00080
38.5000 0.00070
38.5100 0.00060
38.5200 0.00050
38.5300 0.00050
38.5400 0.00050
38.5500 0.00050
38.5600 0.00040
38.5700 0.00020
38.5800 0.00000
38.5900 -0.00030
38.6000 -0.00070
38.6100 -0.00070
38.6200 -0.00080
38.6300 -0.00090
38.6400 -0.00100
38.6500 -0.00090
38.6600 -0.00090
38.6700 -0.00080
38.6800 -0.00080
38.6900 -0.00080
38.7000 -0.00080
38.7100 -0.00070
38.7200 -0.00070
38.7300 -0.00070
38.7400 -0.00070
38.7500 -0.00070
38.7600 -0.00080
38.7700 -0.00100
38.7800 -0.00120
38.7900 -0.00130
38.8000 -0.00130
38.8100 -0.00130
38.8200 -0.00140
38.8300 -0.00130
38.8400 -0.00120
38.8500 -0.00110
38.8600 -0.00100
38.8700 -0.00080
38.8800 -0.00060
38.8900 -0.00060
38.9000 -0.00050
38.9100 -0.00060
38.9200 -0.00060
38.9300 -0.00050
38.9400 -0.00040
38.9500 -0.00040
38.9600 -0.00030
38.9700 -0.00020
38.9800 -0.00000
38.9900 0.00010
39.0000 0.00020
39.0100 0.00020
39.0200 0.00020
39.0300 0.00020
39.0400 0.00020
39.0500 0.00020
39.0600 0.00020
39.0700 0.00010
39.0800 0.00010
39.0900 0.00020
39.1000 0.00020
39.1100 0.00030
39.1200 0.00040
39.1300 0.00050
39.1400 0.00070
39.1500 0.00080
39.1600 0.00090
39.1700 0.00100
39.1800 0.00100
39.1900 0.00110
39.2000 0.00120
39.2100 0.00120
39.2200 0.00120
39.2300 0.00110
39.2400 0.00110
39.2500 0.00100
39.2600 0.00100
39.2700 0.00090
39.2800 0.00080
39.2900 0.00070
39.3000 0.00060
39.3100 0.00050
39.3200 0.00040
39.3300 0.00040
39.3400 0.00040
39.3500 0.00030
39.3600 0.00030
39.3700 0.00030
39.3800 0.00020
39.3900 0.00020
39.4000 0.00020
39.4100 0.00020
39.4200 0.00030
39.4300 0.00030
39.4400 0.00030
39.4500 0.00030
39.4600 0.00030
39.4700 0.00020
39.4800 0.00020
39.4900 0.00020
39.5000 0.00020
39.5100 0.00010
39.5200 0.00010
39.5300 0.00010
39.5400 0.00010
39.5500 0.00000
39.5600 0.00000
39.5700 0.00000
39.5800 0.00000
39.5900 -0.00000
39.6000 -0.00000
39.6100 -0.00000
39.6200 -0.00010
39.6300 -0.00010
39.6400 -0.00010
39.6500 -0.00010
39.6600 -0.00010
39.6700 -0.00010
39.6800 -0.00010
39.6900 -0.00010
39.7000 -0.00010
39.7100 -0.00010
39.7200 -0.00010
39.7300 -0.00010
39.7400 -0.00010
39.7500 -0.00010
39.7600 -0.00010
39.7700 -0.00010
39.7800 -0.00010
39.7900 -0.00010
39.8000 -0.00010
39.8100 -0.00010
39.8200 -0.00010
39.8300 -0.00010
39.8400 -0.00010
39.8500 -0.00010
39.8600 -0.00010
39.8700 -0.00010
39.8800 -0.00010
